year,state,dow,hbin,fat,ai08,ai01,svn,dd,crashes
2007,1,1,00-05,58.0,42.6,48.1,34.0,40.0,55
2007,1,1,06-15,56.0,12.5,13.5,0.0,11.0,47
2007,1,1,16-18,34.0,15.2,16.2,0.0,14.0,32
2007,1,1,19-21,29.0,9.2,15.1,11.0,12.0,23
2007,1,1,22-23,10.0,3.0,3.6,6.0,3.0,9
2007,1,2,00-05,19.0,7.3,9.200000000000001,12.0,5.0,16
2007,1,2,06-15,74.0,9.3,11.6,0.0,10.0,71
2007,1,2,16-18,23.0,7.4,7.5,0.0,6.0,21
2007,1,2,19-21,15.0,7.4,7.6,8.0,7.0,15
2007,1,2,22-23,13.0,7.8,9.0,6.0,9.0,8
2007,1,3,00-05,11.0,6.1,6.4,6.0,5.0,11
2007,1,3,06-15,43.0,4.7,5.1,0.0,4.0,39
2007,1,3,16-18,18.0,0.7,0.9,0.0,1.0,17
2007,1,3,19-21,17.0,5.2,8.8,4.0,6.0,16
2007,1,3,22-23,10.0,2.6,3.7,8.0,3.0,10
2007,1,4,00-05,30.0,12.7,13.1,15.0,14.0,27
2007,1,4,06-15,62.0,4.9,8.5,0.0,7.0,56
2007,1,4,16-18,18.0,3.7,3.8000000000000003,0.0,3.0,17
2007,1,4,19-21,14.0,5.0,6.0,5.0,7.0,14
2007,1,4,22-23,8.0,2.8,5.4,7.0,5.0,6
2007,1,5,00-05,26.0,11.299999999999999,13.0,8.0,8.0,21
2007,1,5,06-15,59.0,6.9,8.6,0.0,6.0,57
2007,1,5,16-18,26.0,6.3999999999999995,10.7,0.0,12.0,23
2007,1,5,19-21,22.0,8.9,10.4,12.0,11.0,17
2007,1,5,22-23,7.0,4.7,5.0,6.0,5.0,7
2007,1,6,00-05,32.0,22.9,24.2,16.0,22.0,31
2007,1,6,06-15,71.0,10.3,12.4,0.0,9.0,64
2007,1,6,16-18,35.0,8.7,10.3,0.0,8.0,31
2007,1,6,19-21,29.0,10.2,11.9,12.0,14.0,27
2007,1,6,22-23,21.0,14.9,16.0,16.0,15.0,20
2007,1,7,00-05,62.0,36.1,43.6,32.0,30.0,57
2007,1,7,06-15,74.0,24.8,28.7,0.0,24.0,68
2007,1,7,16-18,34.0,13.0,15.2,0.0,15.0,31
2007,1,7,19-21,27.0,13.1,14.5,17.0,15.0,25
2007,1,7,22-23,23.0,15.7,17.3,21.0,19.0,21
2007,2,1,00-05,1.0,1.0,1.0,1.0,1.0,1
2007,2,1,06-15,4.0,0.2,1.3,0.0,1.0,4
2007,2,1,16-18,2.0,0.0,0.0,0.0,0.0,1
2007,2,1,19-21,3.0,0.7,0.7,2.0,1.0,3
2007,2,1,22-23,2.0,0.3,1.3,0.0,1.0,2
2007,2,2,00-05,1.0,1.0,1.0,1.0,1.0,1
2007,2,2,06-15,5.0,0.2,0.4,0.0,0.0,4
2007,2,2,16-18,1.0,0.1,0.1,0.0,0.0,1
2007,2,2,19-21,5.0,1.7,1.8,1.0,2.0,5
2007,2,2,unk,1.0,1.0,1.0,0.0,1.0,1
2007,2,3,06-15,4.0,0.0,0.0,0.0,0.0,3
2007,2,3,19-21,5.0,1.1,3.3,4.0,4.0,4
2007,2,3,22-23,1.0,0.0,1.0,1.0,1.0,1
2007,2,4,00-05,1.0,0.0,0.0,1.0,1.0,1
2007,2,4,06-15,1.0,0.0,0.0,0.0,0.0,1
2007,2,4,16-18,4.0,1.6,1.6,0.0,2.0,2
2007,2,4,22-23,3.0,1.0,1.0,3.0,3.0,3
2007,2,5,00-05,2.0,1.2000000000000002,1.7,1.0,1.0,2
2007,2,5,06-15,3.0,0.2,0.5,0.0,0.0,3
2007,2,5,16-18,3.0,0.1,0.1,0.0,0.0,3
2007,2,5,19-21,1.0,0.0,0.0,0.0,1.0,1
2007,2,5,22-23,2.0,2.0,2.0,2.0,2.0,1
2007,2,6,00-05,2.0,1.1,1.1,1.0,1.0,2
2007,2,6,06-15,3.0,1.0,1.0,0.0,1.0,3
2007,2,6,16-18,3.0,1.7,1.9,0.0,2.0,3
2007,2,6,19-21,1.0,0.1,0.1,1.0,0.0,1
2007,2,6,22-23,3.0,3.0,3.0,1.0,3.0,3
2007,2,7,00-05,4.0,3.3,3.5,1.0,3.0,4
2007,2,7,06-15,4.0,0.0,0.0,0.0,0.0,4
2007,2,7,16-18,4.0,0.0,1.1,0.0,1.0,4
2007,2,7,19-21,2.0,0.0,0.1,0.0,0.0,2
2007,2,7,22-23,1.0,1.0,1.0,1.0,1.0,1
2007,4,1,00-05,56.0,36.9,39.7,27.0,46.0,54
2007,4,1,06-15,70.0,13.7,15.9,0.0,14.0,57
2007,4,1,16-18,34.0,6.6,7.2,0.0,10.0,28
2007,4,1,19-21,30.0,14.2,17.0,10.0,21.0,27
2007,4,1,22-23,4.0,1.3,2.0,4.0,1.0,4
2007,4,1,unk,5.0,2.4,3.4,0.0,2.0,5
2007,4,2,00-05,30.0,14.7,16.1,17.0,14.0,25
2007,4,2,06-15,47.0,5.8,7.1,0.0,6.0,45
2007,4,2,16-18,24.0,6.9,9.8,0.0,11.0,22
2007,4,2,19-21,16.0,3.0,5.5,7.0,9.0,14
2007,4,2,22-23,12.0,10.0,10.4,9.0,11.0,8
2007,4,2,unk,3.0,0.9,0.9,0.0,1.0,2
2007,4,3,00-05,17.0,10.5,11.6,10.0,11.0,17
2007,4,3,06-15,45.0,2.5,3.2,0.0,5.0,42
2007,4,3,16-18,23.0,3.2,4.5,0.0,4.0,21
2007,4,3,19-21,23.0,5.5,7.6,10.0,9.0,20
2007,4,3,22-23,6.0,1.0,2.0,2.0,2.0,5
2007,4,3,unk,2.0,0.9,1.1,0.0,0.0,2
2007,4,4,00-05,15.0,6.3,6.4,6.0,6.0,14
2007,4,4,06-15,46.0,9.4,13.3,0.0,12.0,41
2007,4,4,16-18,16.0,3.6999999999999997,5.6,0.0,7.0,14
2007,4,4,19-21,26.0,12.7,13.8,9.0,15.0,24
2007,4,4,22-23,12.0,2.4,2.5,10.0,2.0,10
2007,4,4,unk,3.0,0.2,0.2,0.0,1.0,2
2007,4,5,00-05,17.0,9.0,9.4,11.0,9.0,14
2007,4,5,06-15,64.0,10.9,11.6,0.0,12.0,54
2007,4,5,16-18,17.0,2.0,3.4,0.0,3.0,14
2007,4,5,19-21,15.0,3.9,6.4,5.0,8.0,15
2007,4,5,22-23,11.0,6.8,8.2,7.0,10.0,10
2007,4,5,unk,2.0,0.4,0.6,0.0,0.0,2
2007,4,6,00-05,23.0,11.5,14.2,12.0,16.0,23
2007,4,6,06-15,58.0,7.8,9.0,0.0,10.0,52
2007,4,6,16-18,30.0,8.0,11.7,0.0,13.0,27
2007,4,6,19-21,31.0,7.1,11.1,15.0,15.0,31
2007,4,6,22-23,12.0,8.1,9.6,8.0,10.0,11
2007,4,6,unk,6.0,2.6,3.2,0.0,1.0,3
2007,4,7,00-05,67.0,42.0,50.9,40.0,50.0,57
2007,4,7,06-15,65.0,12.200000000000001,14.6,0.0,13.0,55
2007,4,7,16-18,31.0,9.8,11.4,0.0,11.0,28
2007,4,7,19-21,33.0,12.3,14.9,12.0,19.0,31
2007,4,7,22-23,16.0,8.7,9.6,8.0,8.0,14
2007,4,7,unk,8.0,5.1,5.5,0.0,4.0,8
2007,5,1,00-05,32.0,19.4,22.3,18.0,22.0,30
2007,5,1,06-15,34.0,2.6,2.8,0.0,3.0,32
2007,5,1,16-18,17.0,5.7,6.8,0.0,6.0,16
2007,5,1,19-21,8.0,3.1,4.1,3.0,4.0,8
2007,5,1,22-23,11.0,4.0,4.0,4.0,4.0,7
2007,5,1,unk,1.0,0.0,0.0,0.0,0.0,1
2007,5,2,00-05,13.0,5.0,6.3,10.0,6.0,10
2007,5,2,06-15,33.0,1.2,2.5,0.0,2.0,28
2007,5,2,16-18,9.0,1.0,1.0,0.0,1.0,8
2007,5,2,19-21,13.0,2.1,2.1,2.0,2.0,12
2007,5,2,22-23,9.0,5.0,5.3,6.0,6.0,9
2007,5,2,unk,1.0,0.6,0.7,0.0,0.0,1
2007,5,3,00-05,6.0,1.7,1.7,4.0,1.0,5
2007,5,3,06-15,33.0,1.7000000000000002,2.9,0.0,2.0,32
2007,5,3,16-18,6.0,2.0,2.0,0.0,2.0,6
2007,5,3,19-21,15.0,3.9,6.5,5.0,9.0,13
2007,5,3,22-23,3.0,0.2,1.2000000000000002,3.0,1.0,3
2007,5,4,00-05,15.0,7.4,8.6,9.0,9.0,13
2007,5,4,06-15,46.0,10.7,10.8,0.0,11.0,42
2007,5,4,16-18,17.0,5.2,5.3,0.0,5.0,17
2007,5,4,19-21,16.0,8.1,10.2,6.0,11.0,14
2007,5,4,22-23,2.0,1.0,1.0,2.0,1.0,2
2007,5,4,unk,1.0,0.0,0.0,0.0,0.0,1
2007,5,5,00-05,4.0,3.7,3.7,2.0,2.0,4
2007,5,5,06-15,46.0,5.0,7.5,0.0,7.0,43
2007,5,5,16-18,14.0,3.3,4.3,0.0,4.0,14
2007,5,5,19-21,15.0,6.0,7.0,2.0,9.0,13
2007,5,5,22-23,9.0,6.0,6.1,7.0,5.0,7
2007,5,6,00-05,7.0,4.0,4.0,5.0,4.0,6
2007,5,6,06-15,47.0,3.4,3.5,0.0,3.0,37
2007,5,6,16-18,16.0,2.2,3.2,0.0,3.0,14
2007,5,6,19-21,15.0,10.0,10.0,4.0,11.0,13
2007,5,6,22-23,11.0,5.1,5.1,9.0,5.0,11
2007,5,6,unk,2.0,0.30000000000000004,0.8999999999999999,0.0,0.0,2
2007,5,7,00-05,31.0,18.7,25.0,18.0,25.0,28
2007,5,7,06-15,46.0,9.1,14.3,0.0,14.0,39
2007,5,7,16-18,9.0,5.4,6.4,0.0,7.0,9
2007,5,7,19-21,22.0,4.2,9.9,9.0,9.0,20
2007,5,7,22-23,13.0,2.8,5.8,8.0,6.0,12
2007,5,7,unk,1.0,0.2,0.2,0.0,0.0,1
2007,6,1,00-05,220.0,115.6,138.7,118.0,172.0,194
2007,6,1,06-15,220.0,33.5,47.2,0.0,47.0,190
2007,6,1,16-18,103.0,30.5,41.5,0.0,45.0,90
2007,6,1,19-21,95.0,37.3,47.6,39.0,53.0,84
2007,6,1,22-23,41.0,18.9,20.3,31.0,28.0,36
2007,6,1,unk,18.0,11.8,14.3,0.0,16.0,18
2007,6,2,00-05,116.0,54.8,64.7,71.0,75.0,107
2007,6,2,06-15,176.0,18.0,23.4,0.0,24.0,161
2007,6,2,16-18,93.0,10.6,18.1,0.0,24.0,85
2007,6,2,19-21,89.0,21.4,24.3,37.0,35.0,80
2007,6,2,22-23,27.0,10.3,11.7,22.0,17.0,24
2007,6,2,unk,14.0,6.8,7.9,0.0,7.0,13
2007,6,3,00-05,78.0,25.1,31.1,30.0,34.0,71
2007,6,3,06-15,202.0,13.200000000000001,21.1,0.0,20.0,183
2007,6,3,16-18,78.0,11.2,13.8,0.0,19.0,73
2007,6,3,19-21,74.0,22.6,30.0,30.0,40.0,66
2007,6,3,22-23,43.0,19.9,24.6,31.0,28.0,40
2007,6,3,unk,5.0,3.1,4.1,0.0,5.0,5
2007,6,4,00-05,59.0,26.2,30.9,30.0,33.0,52
2007,6,4,06-15,182.0,14.6,17.8,0.0,28.0,161
2007,6,4,16-18,79.0,13.5,17.7,0.0,21.0,73
2007,6,4,19-21,71.0,15.9,23.4,36.0,33.0,66
2007,6,4,22-23,43.0,15.2,20.2,32.0,32.0,41
2007,6,4,unk,7.0,5.0,5.0,0.0,5.0,7
2007,6,5,00-05,103.0,41.6,53.6,43.0,59.0,93
2007,6,5,06-15,189.0,20.6,25.400000000000002,0.0,33.0,173
2007,6,5,16-18,80.0,13.5,18.3,0.0,21.0,74
2007,6,5,19-21,78.0,25.0,31.6,35.0,38.0,73
2007,6,5,22-23,47.0,24.1,25.7,25.0,28.0,41
2007,6,5,unk,4.0,2.0,3.0,0.0,3.0,4
2007,6,6,00-05,101.0,50.2,56.8,48.0,63.0,95
2007,6,6,06-15,205.0,19.2,28.2,0.0,29.0,186
2007,6,6,16-18,94.0,13.9,23.0,0.0,28.0,82
2007,6,6,19-21,116.0,43.8,52.5,55.0,60.0,105
2007,6,6,22-23,88.0,40.8,50.9,47.0,57.0,74
2007,6,6,unk,11.0,7.9,9.0,0.0,10.0,11
2007,6,7,00-05,190.0,117.0,136.0,99.0,148.0,174
2007,6,7,06-15,252.0,36.5,45.4,0.0,48.0,215
2007,6,7,16-18,118.0,42.1,46.3,0.0,46.0,103
2007,6,7,19-21,103.0,30.5,36.5,53.0,55.0,90
2007,6,7,22-23,73.0,41.1,46.0,44.0,51.0,68
2007,6,7,unk,10.0,7.0,7.0,0.0,7.0,10
2007,8,1,00-05,18.0,13.8,16.0,13.0,16.0,17
2007,8,1,06-15,29.0,5.3,5.7,0.0,6.0,27
2007,8,1,16-18,18.0,6.6,8.0,0.0,8.0,15
2007,8,1,19-21,11.0,2.1,2.3000000000000003,4.0,3.0,11
2007,8,1,22-23,4.0,1.2,1.6,3.0,3.0,4
2007,8,2,00-05,11.0,8.2,8.5,9.0,10.0,10
2007,8,2,06-15,34.0,2.0,2.2,0.0,3.0,31
2007,8,2,16-18,14.0,1.9,2.4,0.0,4.0,13
2007,8,2,19-21,5.0,3.0,3.0,1.0,4.0,5
2007,8,2,22-23,4.0,1.1,1.2,3.0,3.0,4
2007,8,3,00-05,3.0,2.0,2.0,2.0,2.0,3
2007,8,3,06-15,43.0,3.2,4.5,0.0,4.0,42
2007,8,3,16-18,8.0,1.1,2.3,0.0,2.0,7
2007,8,3,19-21,8.0,1.9,1.9,2.0,4.0,8
2007,8,3,22-23,3.0,2.0,2.0,3.0,2.0,3
2007,8,4,00-05,12.0,8.3,9.8,9.0,10.0,10
2007,8,4,06-15,28.0,0.30000000000000004,0.30000000000000004,0.0,0.0,22
2007,8,4,16-18,15.0,2.1,2.5,0.0,4.0,14
2007,8,4,19-21,9.0,4.5,5.6,3.0,6.0,7
2007,8,4,22-23,9.0,2.3,2.3,3.0,6.0,7
2007,8,5,00-05,9.0,5.9,6.0,8.0,7.0,9
2007,8,5,06-15,31.0,2.3,6.3,0.0,7.0,28
2007,8,5,16-18,16.0,1.2,2.5,0.0,2.0,16
2007,8,5,19-21,12.0,1.4,1.6,8.0,6.0,12
2007,8,5,22-23,8.0,7.1,7.1,4.0,8.0,6
2007,8,6,00-05,19.0,12.2,15.3,13.0,17.0,18
2007,8,6,06-15,37.0,4.4,6.0,0.0,9.0,33
2007,8,6,16-18,12.0,2.4,3.7,0.0,7.0,12
2007,8,6,19-21,14.0,7.0,8.5,5.0,10.0,14
2007,8,6,22-23,7.0,4.3,4.5,3.0,6.0,7
2007,8,7,00-05,32.0,21.5,25.2,22.0,28.0,27
2007,8,7,06-15,31.0,3.5,4.4,0.0,4.0,29
2007,8,7,16-18,13.0,5.7,6.2,0.0,7.0,13
2007,8,7,19-21,16.0,11.4,11.8,7.0,14.0,15
2007,8,7,22-23,11.0,4.2,4.3,7.0,10.0,9
2007,9,1,00-05,17.0,13.6,14.6,10.0,14.0,14
2007,9,1,06-15,16.0,0.30000000000000004,0.4,0.0,0.0,15
2007,9,1,16-18,10.0,4.4,4.4,0.0,4.0,8
2007,9,1,19-21,9.0,5.2,5.5,2.0,4.0,8
2007,9,1,22-23,4.0,3.2,3.2,4.0,4.0,4
2007,9,2,00-05,8.0,6.3,6.3,3.0,6.0,7
2007,9,2,06-15,9.0,1.1,1.2000000000000002,0.0,1.0,9
2007,9,2,16-18,4.0,1.3,1.3,0.0,1.0,4
2007,9,2,19-21,6.0,2.0,2.0,6.0,2.0,5
2007,9,2,22-23,2.0,0.30000000000000004,0.5,2.0,0.0,2
2007,9,3,00-05,3.0,3.0,3.0,3.0,3.0,3
2007,9,3,06-15,13.0,1.4000000000000001,1.5,0.0,1.0,13
2007,9,3,16-18,7.0,1.1,1.1,0.0,2.0,7
2007,9,3,19-21,6.0,1.2,2.3,2.0,2.0,6
2007,9,3,22-23,6.0,3.5,4.5,6.0,4.0,6
2007,9,4,00-05,2.0,1.0,1.0,1.0,1.0,2
2007,9,4,06-15,11.0,2.6,2.6,0.0,2.0,10
2007,9,4,16-18,8.0,1.0,2.2,0.0,3.0,8
2007,9,4,19-21,6.0,3.2,4.3,2.0,4.0,5
2007,9,4,22-23,2.0,1.2,1.3,2.0,1.0,2
2007,9,5,00-05,11.0,7.4,8.7,5.0,8.0,11
2007,9,5,06-15,15.0,0.2,1.3,0.0,1.0,13
2007,9,5,16-18,8.0,1.4,1.4,0.0,1.0,8
2007,9,5,19-21,3.0,0.5,0.5,1.0,2.0,3
2007,9,5,22-23,8.0,3.2,3.3,3.0,4.0,5
2007,9,6,00-05,6.0,5.2,5.3,4.0,6.0,5
2007,9,6,06-15,19.0,1.0,4.3,0.0,4.0,15
2007,9,6,16-18,7.0,1.3,2.4,0.0,3.0,7
2007,9,6,19-21,8.0,3.8,4.0,5.0,3.0,8
2007,9,6,22-23,7.0,4.1,4.2,2.0,5.0,7
2007,9,7,00-05,19.0,13.6,14.0,10.0,13.0,17
2007,9,7,06-15,10.0,0.3,0.4,0.0,0.0,10
2007,9,7,16-18,10.0,4.2,5.1,0.0,5.0,7
2007,9,7,19-21,9.0,4.5,6.8,4.0,6.0,8
2007,9,7,22-23,7.0,3.1,4.1,6.0,4.0,7
2007,10,1,00-05,5.0,3.4,4.4,4.0,5.0,5
2007,10,1,06-15,4.0,0.0,0.0,0.0,0.0,4
2007,10,1,16-18,1.0,1.0,1.0,0.0,1.0,1
2007,10,1,22-23,1.0,1.0,1.0,1.0,1.0,1
2007,10,2,06-15,4.0,0.2,0.3,0.0,0.0,4
2007,10,2,16-18,4.0,1.7000000000000002,3.2,0.0,3.0,3
2007,10,2,19-21,8.0,5.3,5.800000000000001,1.0,6.0,4
2007,10,2,22-23,1.0,0.0,0.1,0.0,0.0,1
2007,10,3,00-05,3.0,1.3,1.6,1.0,1.0,3
2007,10,3,06-15,6.0,0.0,0.0,0.0,0.0,4
2007,10,3,16-18,5.0,0.5,0.6,0.0,0.0,5
2007,10,3,19-21,3.0,0.30000000000000004,0.30000000000000004,2.0,2.0,3
2007,10,4,00-05,5.0,3.2,3.4,4.0,3.0,4
2007,10,4,06-15,7.0,1.2,2.2,0.0,2.0,7
2007,10,4,16-18,3.0,0.30000000000000004,0.5,0.0,1.0,3
2007,10,4,19-21,3.0,0.0,0.0,0.0,0.0,3
2007,10,4,22-23,1.0,0.0,0.0,1.0,1.0,1
2007,10,5,00-05,2.0,2.0,2.0,1.0,2.0,2
2007,10,5,06-15,7.0,0.2,0.6000000000000001,0.0,0.0,7
2007,10,5,16-18,4.0,1.9,2.1,0.0,2.0,4
2007,10,5,19-21,3.0,0.9,1.2,0.0,1.0,3
2007,10,5,22-23,1.0,0.9,0.9,1.0,1.0,1
2007,10,6,00-05,4.0,1.3,2.7,2.0,1.0,4
2007,10,6,16-18,1.0,0.0,0.0,0.0,0.0,1
2007,10,6,19-21,3.0,1.5,1.5,2.0,1.0,3
2007,10,6,22-23,4.0,3.1,3.9,2.0,4.0,4
2007,10,7,00-05,11.0,9.0,10.5,8.0,11.0,9
2007,10,7,06-15,5.0,0.1,0.1,0.0,0.0,5
2007,10,7,16-18,1.0,0.1,0.1,0.0,0.0,1
2007,10,7,19-21,4.0,4.0,4.0,1.0,4.0,4
2007,10,7,22-23,3.0,3.0,3.0,0.0,3.0,1
2007,11,1,00-05,3.0,1.1,1.6,2.0,1.0,3
2007,11,1,06-15,2.0,0.1,0.1,0.0,2.0,2
2007,11,1,16-18,1.0,0.0,0.0,0.0,1.0,1
2007,11,1,19-21,1.0,0.0,0.0,1.0,1.0,1
2007,11,2,06-15,2.0,0.1,0.1,0.0,1.0,2
2007,11,2,16-18,1.0,0.1,0.2,0.0,0.0,1
2007,11,2,19-21,1.0,1.0,1.0,1.0,1.0,1
2007,11,2,22-23,1.0,1.0,1.0,0.0,1.0,1
2007,11,3,16-18,1.0,0.0,0.1,0.0,0.0,1
2007,11,3,22-23,1.0,0.0,0.0,1.0,0.0,1
2007,11,4,00-05,1.0,0.8,0.8,0.0,0.0,1
2007,11,4,16-18,3.0,0.0,0.0,0.0,0.0,2
2007,11,4,19-21,1.0,0.0,0.0,0.0,0.0,1
2007,11,4,22-23,1.0,0.0,0.0,1.0,1.0,1
2007,11,5,16-18,1.0,0.0,0.0,0.0,0.0,1
2007,11,5,19-21,1.0,0.0,0.0,1.0,0.0,1
2007,11,6,00-05,2.0,1.0,2.0,0.0,2.0,2
2007,11,6,06-15,2.0,0.0,0.0,0.0,0.0,2
2007,11,6,16-18,2.0,0.4,0.4,0.0,0.0,1
2007,11,6,19-21,2.0,0.5,0.6000000000000001,2.0,0.0,2
2007,11,6,22-23,4.0,4.0,4.0,0.0,4.0,1
2007,11,7,00-05,5.0,5.0,5.0,2.0,5.0,2
2007,11,7,06-15,1.0,0.1,0.2,0.0,0.0,1
2007,11,7,19-21,3.0,1.2,1.2,1.0,2.0,3
2007,11,7,22-23,1.0,0.0,0.0,1.0,1.0,1
2007,12,1,00-05,224.0,134.1,157.7,133.0,147.0,204
2007,12,1,06-15,141.0,19.8,23.6,0.0,23.0,131
2007,12,1,16-18,66.0,22.9,27.400000000000002,0.0,27.0,60
2007,12,1,19-21,95.0,36.1,39.1,39.0,43.0,86
2007,12,1,22-23,43.0,18.7,20.3,17.0,17.0,35
2007,12,1,unk,9.0,2.7,2.9,0.0,2.0,8
2007,12,2,00-05,77.0,32.6,40.4,47.0,40.0,70
2007,12,2,06-15,142.0,6.300000000000001,11.8,0.0,8.0,124
2007,12,2,16-18,67.0,11.0,16.7,0.0,16.0,62
2007,12,2,19-21,60.0,15.2,19.400000000000002,26.0,29.0,56
2007,12,2,22-23,33.0,13.3,15.4,27.0,19.0,33
2007,12,2,unk,3.0,2.5,2.6,0.0,2.0,3
2007,12,3,00-05,44.0,18.4,20.3,28.0,22.0,42
2007,12,3,06-15,139.0,9.1,25.6,0.0,24.0,125
2007,12,3,16-18,61.0,9.5,11.9,0.0,12.0,54
2007,12,3,19-21,62.0,14.8,20.9,22.0,26.0,57
2007,12,3,22-23,36.0,14.7,18.3,16.0,19.0,33
2007,12,3,unk,6.0,4.0,4.0,0.0,4.0,6
2007,12,4,00-05,57.0,22.2,26.3,34.0,29.0,53
2007,12,4,06-15,164.0,16.0,21.4,0.0,23.0,156
2007,12,4,16-18,57.0,12.6,14.7,0.0,13.0,55
2007,12,4,19-21,69.0,11.1,18.8,29.0,30.0,64
2007,12,4,22-23,53.0,25.5,28.4,36.0,28.0,48
2007,12,4,unk,7.0,4.1,5.1,0.0,6.0,6
2007,12,5,00-05,59.0,30.2,32.6,27.0,33.0,56
2007,12,5,06-15,132.0,5.7,6.5,0.0,6.0,124
2007,12,5,16-18,68.0,7.9,10.4,0.0,7.0,64
2007,12,5,19-21,76.0,19.5,23.6,33.0,27.0,71
2007,12,5,22-23,42.0,13.8,14.8,19.0,13.0,39
2007,12,5,unk,3.0,2.0,2.0,0.0,2.0,3
2007,12,6,00-05,98.0,47.300000000000004,61.1,41.0,56.0,87
2007,12,6,06-15,168.0,14.9,19.2,0.0,15.0,156
2007,12,6,16-18,67.0,12.2,15.3,0.0,12.0,62
2007,12,6,19-21,100.0,23.0,27.6,40.0,24.0,89
2007,12,6,22-23,73.0,35.2,39.4,44.0,39.0,68
2007,12,6,unk,4.0,2.7,3.7,0.0,3.0,4
2007,12,7,00-05,166.0,98.4,109.3,92.0,104.0,149
2007,12,7,06-15,147.0,21.2,24.6,0.0,24.0,136
2007,12,7,16-18,77.0,18.9,24.3,0.0,21.0,68
2007,12,7,19-21,130.0,46.1,58.1,37.0,66.0,119
2007,12,7,22-23,77.0,42.8,46.2,40.0,49.0,67
2007,12,7,unk,11.0,7.4,8.2,0.0,8.0,10
2007,13,1,00-05,96.0,62.1,68.9,58.0,60.0,81
2007,13,1,06-15,79.0,12.5,18.7,0.0,17.0,72
2007,13,1,16-18,45.0,9.0,12.8,0.0,10.0,41
2007,13,1,19-21,38.0,11.9,12.5,19.0,8.0,32
2007,13,1,22-23,28.0,7.7,10.3,19.0,10.0,24
2007,13,1,unk,2.0,1.0,1.0,0.0,0.0,1
2007,13,2,00-05,26.0,8.3,8.7,13.0,7.0,25
2007,13,2,06-15,107.0,12.0,15.1,0.0,11.0,99
2007,13,2,16-18,41.0,6.300000000000001,6.699999999999999,0.0,6.0,36
2007,13,2,19-21,36.0,14.3,14.7,24.0,16.0,35
2007,13,2,22-23,15.0,5.2,5.9,9.0,5.0,14
2007,13,3,00-05,19.0,6.9,8.3,11.0,7.0,18
2007,13,3,06-15,89.0,10.3,13.1,0.0,10.0,83
2007,13,3,16-18,34.0,8.3,9.6,0.0,9.0,30
2007,13,3,19-21,31.0,14.1,15.6,12.0,13.0,28
2007,13,3,22-23,9.0,3.7,4.2,8.0,3.0,9
2007,13,4,00-05,24.0,13.9,15.2,12.0,15.0,22
2007,13,4,06-15,94.0,5.9,9.5,0.0,7.0,86
2007,13,4,16-18,23.0,3.4000000000000004,3.9000000000000004,0.0,2.0,20
2007,13,4,19-21,24.0,6.5,8.0,10.0,8.0,23
2007,13,4,22-23,19.0,4.4,5.8,10.0,6.0,18
2007,13,4,unk,1.0,0.2,0.3,0.0,0.0,1
2007,13,5,00-05,29.0,11.5,11.9,10.0,8.0,27
2007,13,5,06-15,89.0,6.6,8.2,0.0,6.0,79
2007,13,5,16-18,44.0,11.1,15.4,0.0,13.0,43
2007,13,5,19-21,30.0,10.3,10.8,10.0,12.0,29
2007,13,5,22-23,15.0,6.9,8.0,10.0,9.0,15
2007,13,6,00-05,53.0,25.4,27.6,25.0,25.0,46
2007,13,6,06-15,118.0,9.200000000000001,14.1,0.0,10.0,106
2007,13,6,16-18,40.0,6.8,7.0,0.0,5.0,39
2007,13,6,19-21,35.0,12.8,15.0,11.0,13.0,34
2007,13,6,22-23,29.0,17.3,20.1,22.0,20.0,26
2007,13,6,unk,1.0,1.0,1.0,0.0,1.0,1
2007,13,7,00-05,66.0,42.5,47.5,30.0,40.0,63
2007,13,7,06-15,90.0,13.4,15.8,0.0,14.0,79
2007,13,7,16-18,39.0,11.6,14.1,0.0,14.0,36
2007,13,7,19-21,54.0,20.900000000000002,23.1,28.0,23.0,45
2007,13,7,22-23,28.0,10.7,15.9,20.0,16.0,25
2007,13,7,unk,1.0,0.3,0.3,0.0,0.0,1
2007,15,1,00-05,12.0,8.0,10.0,6.0,11.0,9
2007,15,1,06-15,8.0,1.0,2.0,0.0,2.0,8
2007,15,1,16-18,4.0,0.1,1.1,0.0,2.0,4
2007,15,1,19-21,2.0,1.1,1.1,2.0,2.0,2
2007,15,1,22-23,1.0,0.4,0.4,1.0,0.0,1
2007,15,2,00-05,1.0,1.0,1.0,0.0,1.0,1
2007,15,2,06-15,6.0,0.0,1.0,0.0,1.0,6
2007,15,2,16-18,3.0,0.0,2.1,0.0,3.0,3
2007,15,2,22-23,3.0,1.0,1.0,2.0,3.0,3
2007,15,3,00-05,1.0,1.0,1.0,1.0,1.0,1
2007,15,3,06-15,4.0,0.1,3.2,0.0,3.0,3
2007,15,3,16-18,2.0,0.2,0.2,0.0,1.0,2
2007,15,3,22-23,4.0,3.1,3.1,3.0,3.0,3
2007,15,3,unk,1.0,1.0,1.0,0.0,1.0,1
2007,15,4,00-05,2.0,2.0,2.0,2.0,2.0,2
2007,15,4,06-15,11.0,0.0,0.0,0.0,0.0,10
2007,15,4,19-21,1.0,0.2,0.2,1.0,0.0,1
2007,15,4,22-23,1.0,0.2,0.2,1.0,0.0,1
2007,15,5,00-05,8.0,4.5,4.9,5.0,5.0,7
2007,15,5,06-15,11.0,0.0,0.0,0.0,0.0,9
2007,15,5,19-21,2.0,1.0,2.0,1.0,2.0,2
2007,15,5,22-23,3.0,0.4,1.4,1.0,1.0,2
2007,15,6,00-05,4.0,3.0,3.0,2.0,3.0,4
2007,15,6,06-15,5.0,0.0,0.0,0.0,0.0,5
2007,15,6,16-18,5.0,1.0,3.0,0.0,3.0,5
2007,15,6,19-21,4.0,1.3,1.4,3.0,1.0,4
2007,15,6,22-23,3.0,1.4,1.8,2.0,2.0,3
2007,15,7,00-05,6.0,2.8,2.8,2.0,6.0,5
2007,15,7,06-15,8.0,0.2,3.2,0.0,4.0,7
2007,15,7,19-21,7.0,4.0,6.0,4.0,6.0,6
2007,15,7,22-23,5.0,4.0,4.2,2.0,4.0,5
2007,16,1,00-05,14.0,7.2,9.8,13.0,10.0,13
2007,16,1,06-15,13.0,0.0,0.1,0.0,0.0,11
2007,16,1,16-18,3.0,0.5,0.7,0.0,1.0,3
2007,16,1,19-21,6.0,1.1,3.1,4.0,3.0,6
2007,16,1,22-23,1.0,0.1,0.1,1.0,0.0,1
2007,16,1,unk,2.0,0.8,1.0,0.0,0.0,1
2007,16,2,00-05,4.0,1.1,1.1,1.0,1.0,3
2007,16,2,06-15,16.0,1.2000000000000002,2.3,0.0,2.0,15
2007,16,2,16-18,7.0,1.5,1.5,0.0,3.0,6
2007,16,2,19-21,6.0,2.2,3.2,1.0,3.0,6
2007,16,2,22-23,4.0,2.2,2.2,3.0,2.0,3
2007,16,3,00-05,3.0,1.0,3.0,3.0,3.0,2
2007,16,3,06-15,17.0,0.6,0.6,0.0,0.0,11
2007,16,3,16-18,4.0,1.0,2.0,0.0,2.0,4
2007,16,3,19-21,8.0,1.1,1.3,0.0,1.0,5
2007,16,4,00-05,7.0,6.0,6.4,6.0,5.0,4
2007,16,4,06-15,14.0,0.0,0.1,0.0,0.0,13
2007,16,4,16-18,2.0,0.1,0.1,0.0,0.0,2
2007,16,4,19-21,3.0,0.0,0.0,0.0,0.0,2
2007,16,4,unk,1.0,1.0,1.0,0.0,1.0,1
2007,16,5,00-05,9.0,3.4000000000000004,3.7,2.0,4.0,6
2007,16,5,06-15,8.0,2.0,2.0,0.0,2.0,8
2007,16,5,16-18,7.0,0.3,1.4,0.0,1.0,7
2007,16,5,19-21,3.0,0.0,0.0,2.0,0.0,2
2007,16,5,22-23,2.0,2.0,2.0,2.0,2.0,2
2007,16,5,unk,1.0,1.0,1.0,0.0,1.0,1
2007,16,6,00-05,5.0,1.0,1.0,2.0,1.0,5
2007,16,6,06-15,19.0,0.8999999999999999,2.2,0.0,2.0,15
2007,16,6,16-18,6.0,2.1,4.1,0.0,4.0,6
2007,16,6,19-21,8.0,5.1,6.1,5.0,6.0,8
2007,16,6,22-23,2.0,2.0,2.0,1.0,2.0,2
2007,16,7,00-05,7.0,6.0,7.0,6.0,7.0,6
2007,16,7,06-15,16.0,2.4000000000000004,2.6,0.0,2.0,16
2007,16,7,16-18,10.0,4.2,4.2,0.0,4.0,9
2007,16,7,19-21,9.0,7.6,7.6,4.0,7.0,8
2007,16,7,22-23,3.0,3.0,3.0,3.0,3.0,3
2007,16,7,unk,2.0,0.9,1.0,0.0,1.0,2
2007,17,1,00-05,112.0,74.6,85.3,67.0,98.0,94
2007,17,1,06-15,54.0,11.3,13.8,0.0,14.0,46
2007,17,1,16-18,29.0,10.8,12.0,0.0,12.0,27
2007,17,1,19-21,26.0,10.6,10.700000000000001,5.0,12.0,22
2007,17,1,22-23,6.0,3.0,4.0,5.0,4.0,6
2007,17,1,unk,1.0,1.0,1.0,0.0,1.0,1
2007,17,2,00-05,33.0,19.0,20.0,14.0,21.0,32
2007,17,2,06-15,63.0,7.6000000000000005,8.0,0.0,7.0,58
2007,17,2,16-18,26.0,5.2,5.3,0.0,6.0,25
2007,17,2,19-21,23.0,12.6,13.7,9.0,15.0,22
2007,17,2,22-23,11.0,5.7,9.1,6.0,9.0,9
2007,17,3,00-05,20.0,14.1,15.9,7.0,16.0,19
2007,17,3,06-15,72.0,3.0,4.4,0.0,4.0,69
2007,17,3,16-18,18.0,4.3,5.3,0.0,5.0,17
2007,17,3,19-21,21.0,3.1,5.1,9.0,8.0,18
2007,17,3,22-23,12.0,2.5,3.6,7.0,4.0,12
2007,17,4,00-05,32.0,11.4,14.6,18.0,15.0,29
2007,17,4,06-15,60.0,5.3,8.2,0.0,5.0,55
2007,17,4,16-18,24.0,3.0,3.1,0.0,5.0,24
2007,17,4,19-21,28.0,8.3,8.6,17.0,9.0,25
2007,17,4,22-23,14.0,4.6,4.7,11.0,8.0,12
2007,17,5,00-05,31.0,13.8,17.4,18.0,21.0,30
2007,17,5,06-15,50.0,8.6,10.8,0.0,14.0,46
2007,17,5,16-18,25.0,6.1,8.1,0.0,8.0,24
2007,17,5,19-21,19.0,3.6,5.0,7.0,9.0,18
2007,17,5,22-23,14.0,8.5,8.6,13.0,11.0,14
2007,17,5,unk,1.0,1.0,1.0,0.0,1.0,1
2007,17,6,00-05,32.0,20.7,21.3,21.0,25.0,29
2007,17,6,06-15,69.0,6.5,10.7,0.0,9.0,62
2007,17,6,16-18,25.0,4.8,5.0,0.0,4.0,21
2007,17,6,19-21,28.0,15.2,15.5,15.0,17.0,27
2007,17,6,22-23,34.0,23.6,25.7,18.0,27.0,28
2007,17,7,00-05,75.0,54.3,63.6,47.0,64.0,61
2007,17,7,06-15,83.0,9.3,17.9,0.0,16.0,75
2007,17,7,16-18,25.0,10.2,13.7,0.0,12.0,23
2007,17,7,19-21,29.0,15.8,17.3,15.0,17.0,25
2007,17,7,22-23,23.0,16.2,16.3,14.0,17.0,20
2007,18,1,00-05,40.0,31.9,32.3,26.0,32.0,35
2007,18,1,06-15,43.0,4.8,6.4,0.0,6.0,40
2007,18,1,16-18,35.0,4.8,4.9,0.0,4.0,25
2007,18,1,19-21,19.0,10.6,11.8,11.0,11.0,16
2007,18,1,22-23,13.0,11.5,11.5,11.0,11.0,12
2007,18,2,00-05,22.0,14.3,15.5,8.0,14.0,19
2007,18,2,06-15,48.0,1.5,2.8000000000000003,0.0,2.0,44
2007,18,2,16-18,24.0,2.7,5.0,0.0,5.0,23
2007,18,2,19-21,20.0,7.6,7.9,10.0,8.0,18
2007,18,2,22-23,7.0,3.1,3.2,6.0,4.0,6
2007,18,3,00-05,12.0,4.7,4.9,7.0,4.0,11
2007,18,3,06-15,53.0,2.4000000000000004,2.5,0.0,2.0,48
2007,18,3,16-18,24.0,1.2000000000000002,2.4,0.0,2.0,22
2007,18,3,19-21,11.0,2.5,3.6,5.0,3.0,11
2007,18,3,22-23,2.0,1.0,1.0,2.0,1.0,2
2007,18,4,00-05,12.0,3.3,4.3,5.0,4.0,12
2007,18,4,06-15,55.0,2.7,2.8,0.0,2.0,47
2007,18,4,16-18,18.0,1.4,2.4,0.0,2.0,18
2007,18,4,19-21,11.0,3.4,4.5,2.0,4.0,10
2007,18,4,22-23,5.0,1.7,1.8,4.0,1.0,5
2007,18,5,00-05,23.0,11.4,13.8,9.0,12.0,21
2007,18,5,06-15,55.0,3.8,4.9,0.0,4.0,46
2007,18,5,16-18,24.0,4.3,4.4,0.0,4.0,22
2007,18,5,19-21,19.0,1.5,2.5,9.0,2.0,17
2007,18,5,22-23,12.0,3.4,3.6,9.0,3.0,11
2007,18,6,00-05,25.0,8.1,8.4,10.0,6.0,22
2007,18,6,06-15,62.0,6.6,8.3,0.0,7.0,57
2007,18,6,16-18,13.0,1.9000000000000001,2.1,0.0,1.0,13
2007,18,6,19-21,17.0,4.5,4.9,12.0,4.0,16
2007,18,6,22-23,10.0,4.1,5.1,6.0,5.0,9
2007,18,7,00-05,52.0,30.0,35.9,29.0,33.0,47
2007,18,7,06-15,51.0,10.1,13.8,0.0,12.0,44
2007,18,7,16-18,25.0,3.3,5.7,0.0,5.0,22
2007,18,7,19-21,20.0,4.6,5.8,8.0,3.0,17
2007,18,7,22-23,16.0,9.5,10.7,14.0,10.0,16
2007,19,1,00-05,27.0,18.5,21.5,21.0,17.0,26
2007,19,1,06-15,23.0,2.3000000000000003,2.6,0.0,1.0,19
2007,19,1,16-18,6.0,0.2,0.30000000000000004,0.0,0.0,5
2007,19,1,19-21,10.0,2.6,2.9,5.0,1.0,7
2007,19,1,22-23,3.0,0.9,1.2000000000000002,3.0,0.0,3
2007,19,2,00-05,12.0,9.8,9.9,8.0,9.0,9
2007,19,2,06-15,27.0,0.8,2.0,0.0,1.0,25
2007,19,2,16-18,10.0,0.5,0.6,0.0,0.0,9
2007,19,2,19-21,9.0,2.9,3.0,4.0,2.0,8
2007,19,2,22-23,5.0,1.9,4.0,3.0,3.0,4
2007,19,3,00-05,5.0,0.5,0.6,3.0,0.0,4
2007,19,3,06-15,19.0,0.30000000000000004,0.4,0.0,0.0,17
2007,19,3,16-18,3.0,0.1,0.30000000000000004,0.0,0.0,3
2007,19,3,19-21,9.0,1.9,3.0,7.0,3.0,8
2007,19,3,22-23,2.0,1.0,2.0,2.0,2.0,2
2007,19,4,00-05,12.0,4.4,4.699999999999999,5.0,3.0,10
2007,19,4,06-15,37.0,2.6,2.9,0.0,2.0,28
2007,19,4,16-18,9.0,0.6,0.7,0.0,0.0,8
2007,19,4,19-21,6.0,2.5,2.6,3.0,2.0,6
2007,19,4,22-23,1.0,0.0,0.0,0.0,0.0,1
2007,19,5,00-05,8.0,5.5,5.6,3.0,5.0,7
2007,19,5,06-15,29.0,0.2,2.6,0.0,2.0,28
2007,19,5,16-18,10.0,0.5,1.6,0.0,1.0,9
2007,19,5,19-21,10.0,2.6,2.9,3.0,2.0,9
2007,19,5,22-23,7.0,4.0,7.0,3.0,7.0,6
2007,19,5,unk,1.0,1.0,1.0,0.0,1.0,1
2007,19,6,00-05,10.0,6.7,7.5,8.0,6.0,10
2007,19,6,06-15,23.0,2.5,2.8,0.0,2.0,20
2007,19,6,16-18,12.0,2.6,3.2,0.0,2.0,12
2007,19,6,19-21,11.0,3.1,4.2,7.0,4.0,11
2007,19,6,22-23,5.0,0.3,0.3,5.0,0.0,4
2007,19,7,00-05,23.0,12.2,14.0,14.0,13.0,20
2007,19,7,06-15,38.0,3.3,10.9,0.0,10.0,31
2007,19,7,16-18,5.0,0.5,0.8,0.0,0.0,5
2007,19,7,19-21,12.0,4.1,4.2,6.0,4.0,11
2007,19,7,22-23,7.0,4.1,5.2,4.0,5.0,7
2007,20,1,00-05,15.0,12.1,12.3,12.0,11.0,14
2007,20,1,06-15,16.0,1.2,1.2,0.0,1.0,14
2007,20,1,16-18,7.0,0.5,2.1,0.0,1.0,7
2007,20,1,19-21,9.0,5.0,7.0,3.0,8.0,6
2007,20,1,22-23,5.0,2.0,3.0,5.0,3.0,5
2007,20,2,00-05,5.0,3.0,3.0,5.0,4.0,5
2007,20,2,06-15,16.0,2.2,3.3000000000000003,0.0,3.0,16
2007,20,2,16-18,16.0,1.2,3.2,0.0,3.0,15
2007,20,2,19-21,9.0,4.6,5.0,3.0,4.0,8
2007,20,2,22-23,6.0,3.2,3.5,4.0,3.0,6
2007,20,2,unk,2.0,1.1,1.1,0.0,1.0,2
2007,20,3,00-05,7.0,6.2,6.3,7.0,6.0,6
2007,20,3,06-15,21.0,0.30000000000000004,0.5,0.0,0.0,19
2007,20,3,16-18,6.0,0.1,0.3,0.0,0.0,6
2007,20,3,19-21,6.0,2.3,2.4,4.0,2.0,6
2007,20,3,22-23,5.0,2.0,3.0,5.0,3.0,4
2007,20,4,00-05,2.0,0.2,0.3,0.0,0.0,2
2007,20,4,06-15,26.0,2.4,2.4,0.0,2.0,24
2007,20,4,16-18,7.0,0.30000000000000004,0.30000000000000004,0.0,0.0,7
2007,20,4,19-21,6.0,1.0,1.3,1.0,1.0,5
2007,20,4,22-23,6.0,3.2,3.2,5.0,3.0,6
2007,20,5,00-05,5.0,3.7,3.8,3.0,3.0,5
2007,20,5,06-15,23.0,1.4,3.4,0.0,3.0,20
2007,20,5,16-18,12.0,0.0,0.1,0.0,0.0,12
2007,20,5,19-21,10.0,1.1,2.2,5.0,3.0,10
2007,20,5,22-23,2.0,1.0,1.0,1.0,1.0,2
2007,20,5,unk,1.0,0.0,0.0,0.0,0.0,1
2007,20,6,00-05,11.0,7.8,8.0,8.0,7.0,10
2007,20,6,06-15,34.0,1.0,2.1,0.0,2.0,28
2007,20,6,16-18,12.0,1.3,1.3,0.0,1.0,12
2007,20,6,19-21,14.0,7.8999999999999995,10.1,5.0,10.0,10
2007,20,6,22-23,10.0,5.3,6.4,4.0,6.0,10
2007,20,7,00-05,17.0,10.3,12.4,8.0,11.0,15
2007,20,7,06-15,41.0,4.5,5.6000000000000005,0.0,5.0,35
2007,20,7,16-18,7.0,2.0,3.1,0.0,3.0,7
2007,20,7,19-21,11.0,4.0,7.0,3.0,9.0,11
2007,20,7,22-23,5.0,2.7,2.7,5.0,2.0,5
2007,20,7,unk,3.0,1.2000000000000002,1.6,0.0,1.0,3
2007,21,1,00-05,36.0,19.7,22.0,24.0,28.0,34
2007,21,1,06-15,37.0,5.6,5.9,0.0,7.0,34
2007,21,1,16-18,24.0,4.2,5.7,0.0,4.0,24
2007,21,1,19-21,17.0,4.7,8.8,4.0,11.0,12
2007,21,1,22-23,5.0,1.4,1.4,3.0,2.0,5
2007,21,2,00-05,13.0,2.2,2.2,11.0,4.0,12
2007,21,2,06-15,62.0,11.0,12.4,0.0,13.0,60
2007,21,2,16-18,37.0,5.7,6.3,0.0,5.0,33
2007,21,2,19-21,25.0,7.1,7.3,13.0,11.0,22
2007,21,2,22-23,6.0,2.0,2.0,4.0,3.0,6
2007,21,3,00-05,14.0,6.2,8.3,9.0,9.0,13
2007,21,3,06-15,54.0,3.5,4.5,0.0,6.0,52
2007,21,3,16-18,18.0,3.2,3.4,0.0,3.0,18
2007,21,3,19-21,16.0,5.0,7.1,8.0,8.0,16
2007,21,3,22-23,8.0,4.4,4.9,8.0,5.0,7
2007,21,4,00-05,20.0,7.9,10.2,13.0,10.0,18
2007,21,4,06-15,56.0,1.2,4.4,0.0,3.0,45
2007,21,4,16-18,22.0,3.2,3.4,0.0,3.0,21
2007,21,4,19-21,9.0,3.8,4.8,6.0,4.0,9
2007,21,4,22-23,6.0,1.8,1.8,4.0,1.0,6
2007,21,5,00-05,13.0,7.0,7.1,7.0,8.0,13
2007,21,5,06-15,43.0,1.7000000000000002,1.7000000000000002,0.0,2.0,41
2007,21,5,16-18,28.0,2.9,3.4,0.0,2.0,23
2007,21,5,19-21,19.0,11.4,11.7,9.0,12.0,17
2007,21,5,22-23,12.0,6.8,6.8,9.0,8.0,11
2007,21,6,00-05,12.0,7.2,7.2,10.0,7.0,10
2007,21,6,06-15,65.0,5.8,8.9,0.0,12.0,62
2007,21,6,16-18,15.0,5.2,5.8,0.0,5.0,15
2007,21,6,19-21,21.0,8.9,10.1,5.0,9.0,19
2007,21,6,22-23,8.0,4.1,5.5,4.0,5.0,8
2007,21,7,00-05,26.0,15.1,17.6,15.0,19.0,25
2007,21,7,06-15,46.0,4.1,5.4,0.0,8.0,45
2007,21,7,16-18,25.0,5.4,5.8,0.0,7.0,25
2007,21,7,19-21,24.0,11.1,14.3,13.0,14.0,22
2007,21,7,22-23,22.0,11.9,12.9,17.0,18.0,20
2007,22,1,00-05,59.0,38.6,46.2,35.0,41.0,54
2007,22,1,06-15,47.0,8.2,9.200000000000001,0.0,5.0,42
2007,22,1,16-18,35.0,12.6,17.2,0.0,14.0,31
2007,22,1,19-21,21.0,6.3,9.7,9.0,9.0,18
2007,22,1,22-23,12.0,6.4,7.0,11.0,8.0,11
2007,22,1,unk,2.0,0.1,1.1,0.0,1.0,2
2007,22,2,00-05,39.0,20.0,22.6,22.0,20.0,35
2007,22,2,06-15,53.0,6.7,11.3,0.0,10.0,48
2007,22,2,16-18,16.0,2.1,2.3,0.0,1.0,15
2007,22,2,19-21,23.0,10.6,10.700000000000001,14.0,12.0,22
2007,22,2,22-23,8.0,5.7,6.0,4.0,7.0,6
2007,22,3,00-05,16.0,10.9,12.6,9.0,13.0,16
2007,22,3,06-15,46.0,4.8,5.2,0.0,3.0,43
2007,22,3,16-18,20.0,4.1,4.2,0.0,5.0,19
2007,22,3,19-21,27.0,10.9,15.0,9.0,11.0,25
2007,22,3,22-23,4.0,1.5,1.5,1.0,1.0,4
2007,22,3,unk,1.0,0.7,0.7,0.0,0.0,1
2007,22,4,00-05,17.0,11.6,12.2,8.0,10.0,16
2007,22,4,06-15,28.0,2.4,4.8,0.0,4.0,27
2007,22,4,16-18,13.0,1.7,2.8,0.0,3.0,13
2007,22,4,19-21,32.0,15.1,15.4,10.0,16.0,29
2007,22,4,22-23,15.0,8.2,9.8,7.0,8.0,12
2007,22,4,unk,2.0,1.4,1.4,0.0,1.0,2
2007,22,5,00-05,20.0,16.5,16.9,9.0,18.0,18
2007,22,5,06-15,30.0,1.2,1.5,0.0,3.0,30
2007,22,5,16-18,20.0,4.0,7.3,0.0,8.0,19
2007,22,5,19-21,28.0,12.9,14.7,17.0,14.0,27
2007,22,5,22-23,13.0,5.6,5.6,10.0,6.0,12
2007,22,5,unk,1.0,1.0,1.0,0.0,1.0,1
2007,22,6,00-05,27.0,12.4,14.1,13.0,12.0,22
2007,22,6,06-15,44.0,7.9,8.4,0.0,5.0,41
2007,22,6,16-18,31.0,9.0,10.4,0.0,7.0,26
2007,22,6,19-21,17.0,5.6000000000000005,6.300000000000001,9.0,5.0,16
2007,22,6,22-23,33.0,19.4,22.5,21.0,18.0,28
2007,22,6,unk,6.0,3.7,3.9,0.0,3.0,6
2007,22,7,00-05,44.0,29.2,33.7,24.0,36.0,43
2007,22,7,06-15,55.0,12.9,14.9,0.0,11.0,44
2007,22,7,16-18,20.0,8.8,10.4,0.0,9.0,20
2007,22,7,19-21,35.0,15.2,20.8,18.0,26.0,31
2007,22,7,22-23,31.0,16.9,21.1,23.0,18.0,23
2007,22,7,unk,2.0,1.8,1.8,0.0,1.0,2
2007,23,1,00-05,6.0,5.0,6.0,6.0,6.0,6
2007,23,1,06-15,9.0,1.0,1.0,0.0,1.0,9
2007,23,1,16-18,6.0,0.0,0.0,0.0,0.0,6
2007,23,1,19-21,7.0,4.0,4.0,6.0,4.0,7
2007,23,1,22-23,1.0,1.0,1.0,0.0,1.0,1
2007,23,2,06-15,14.0,3.2,4.2,0.0,4.0,13
2007,23,2,16-18,5.0,1.0,1.0,0.0,1.0,5
2007,23,2,19-21,4.0,0.0,0.0,3.0,0.0,4
2007,23,2,22-23,4.0,4.0,4.0,4.0,4.0,2
2007,23,3,00-05,3.0,1.8,2.0,2.0,3.0,2
2007,23,3,06-15,16.0,2.1,2.1,0.0,2.0,15
2007,23,3,16-18,5.0,3.0,3.0,0.0,3.0,5
2007,23,3,19-21,6.0,4.0,4.0,2.0,4.0,5
2007,23,4,00-05,4.0,1.0,2.0,2.0,2.0,3
2007,23,4,06-15,9.0,0.1,2.1,0.0,2.0,9
2007,23,4,16-18,3.0,1.2000000000000002,1.2000000000000002,0.0,1.0,3
2007,23,4,19-21,2.0,1.0,1.0,0.0,1.0,2
2007,23,5,00-05,3.0,2.0,2.0,2.0,2.0,3
2007,23,5,06-15,4.0,0.0,0.0,0.0,0.0,4
2007,23,5,16-18,4.0,1.0,1.0,0.0,1.0,4
2007,23,5,19-21,5.0,4.0,4.0,1.0,4.0,3
2007,23,5,22-23,1.0,0.1,0.1,1.0,0.0,1
2007,23,6,00-05,3.0,2.0,2.0,3.0,2.0,3
2007,23,6,06-15,11.0,0.6,0.6,0.0,1.0,11
2007,23,6,16-18,2.0,2.0,2.0,0.0,2.0,2
2007,23,6,19-21,4.0,0.0,2.0,2.0,2.0,4
2007,23,6,22-23,4.0,2.0,2.0,1.0,2.0,3
2007,23,7,00-05,16.0,11.1,12.3,15.0,13.0,15
2007,23,7,06-15,12.0,2.2,2.2,0.0,2.0,10
2007,23,7,16-18,2.0,1.0,1.0,0.0,1.0,2
2007,23,7,19-21,5.0,3.0,3.0,4.0,3.0,5
2007,23,7,22-23,3.0,1.7,1.7,2.0,1.0,3
2007,24,1,00-05,41.0,23.8,29.7,22.0,35.0,40
2007,24,1,06-15,24.0,3.7,4.0,0.0,4.0,22
2007,24,1,16-18,17.0,4.3,4.4,0.0,5.0,15
2007,24,1,19-21,14.0,4.5,4.6,9.0,5.0,12
2007,24,1,22-23,5.0,2.0,3.0,5.0,4.0,4
2007,24,1,unk,3.0,0.0,3.0,0.0,3.0,1
2007,24,2,00-05,18.0,6.9,9.4,8.0,9.0,16
2007,24,2,06-15,23.0,0.5,0.6000000000000001,0.0,0.0,20
2007,24,2,16-18,25.0,2.4,2.8000000000000003,0.0,4.0,24
2007,24,2,19-21,11.0,1.8,3.3,5.0,4.0,11
2007,24,2,22-23,8.0,4.4,5.5,4.0,5.0,7
2007,24,3,00-05,9.0,5.0,6.1,5.0,7.0,8
2007,24,3,06-15,30.0,8.5,8.7,0.0,9.0,27
2007,24,3,16-18,16.0,0.7,0.7999999999999999,0.0,2.0,13
2007,24,3,19-21,13.0,2.4,2.4,6.0,2.0,12
2007,24,3,22-23,9.0,2.4000000000000004,4.6,4.0,4.0,9
2007,24,4,00-05,15.0,3.4,5.4,5.0,8.0,14
2007,24,4,06-15,21.0,1.4000000000000001,1.4000000000000001,0.0,4.0,19
2007,24,4,16-18,14.0,2.8,5.1,0.0,6.0,12
2007,24,4,19-21,7.0,1.3,3.3,3.0,3.0,6
2007,24,4,22-23,6.0,1.1,2.1,2.0,3.0,6
2007,24,5,00-05,15.0,9.7,10.8,13.0,12.0,14
2007,24,5,06-15,25.0,1.7,3.0,0.0,4.0,23
2007,24,5,16-18,22.0,3.4,6.5,0.0,6.0,15
2007,24,5,19-21,6.0,0.1,1.1,4.0,1.0,6
2007,24,5,22-23,2.0,2.0,2.0,1.0,2.0,2
2007,24,6,00-05,11.0,8.0,8.1,5.0,8.0,11
2007,24,6,06-15,34.0,2.0,4.3,0.0,3.0,31
2007,24,6,16-18,15.0,1.3,3.4,0.0,3.0,15
2007,24,6,19-21,15.0,5.4,5.6,8.0,7.0,13
2007,24,6,22-23,14.0,3.0,3.0,10.0,6.0,14
2007,24,7,00-05,42.0,28.2,30.8,25.0,32.0,37
2007,24,7,06-15,26.0,5.1,7.3,0.0,8.0,25
2007,24,7,16-18,21.0,6.0,8.1,0.0,10.0,19
2007,24,7,19-21,19.0,8.2,8.9,9.0,12.0,19
2007,24,7,22-23,17.0,9.4,11.9,11.0,13.0,15
2007,24,7,unk,1.0,1.0,1.0,0.0,1.0,1
2007,25,1,00-05,33.0,25.0,28.4,23.0,30.0,28
2007,25,1,06-15,18.0,6.2,7.4,0.0,7.0,18
2007,25,1,16-18,11.0,2.9,3.4,0.0,2.0,10
2007,25,1,19-21,9.0,5.9,6.5,5.0,5.0,9
2007,25,1,22-23,7.0,3.7,4.1,3.0,2.0,7
2007,25,2,00-05,8.0,5.0,5.5,2.0,5.0,7
2007,25,2,06-15,23.0,2.3,2.4,0.0,2.0,22
2007,25,2,16-18,11.0,1.1,2.4,0.0,1.0,11
2007,25,2,19-21,7.0,1.9,2.1,3.0,1.0,7
2007,25,2,22-23,2.0,0.0,0.0,1.0,0.0,2
2007,25,3,00-05,7.0,2.5,4.4,3.0,4.0,7
2007,25,3,06-15,20.0,0.9,1.5,0.0,0.0,20
2007,25,3,16-18,8.0,0.0,0.1,0.0,0.0,8
2007,25,3,19-21,7.0,3.2,3.4,3.0,3.0,7
2007,25,3,22-23,11.0,3.7,9.2,9.0,7.0,9
2007,25,4,00-05,8.0,4.2,4.2,6.0,3.0,8
2007,25,4,06-15,23.0,1.0,2.3000000000000003,0.0,1.0,22
2007,25,4,16-18,9.0,1.3,1.4,0.0,1.0,8
2007,25,4,19-21,12.0,7.3,7.8,8.0,9.0,9
2007,25,4,22-23,10.0,5.0,6.1,7.0,5.0,10
2007,25,5,00-05,8.0,4.7,6.2,7.0,5.0,8
2007,25,5,06-15,21.0,1.0,3.1,0.0,4.0,20
2007,25,5,16-18,5.0,1.0,1.2,0.0,0.0,5
2007,25,5,19-21,7.0,3.2,3.2,3.0,2.0,7
2007,25,5,22-23,3.0,2.3,3.0,0.0,3.0,3
2007,25,6,00-05,13.0,9.8,10.9,9.0,10.0,13
2007,25,6,06-15,24.0,3.4,3.9,0.0,1.0,24
2007,25,6,16-18,5.0,0.4,0.8,0.0,1.0,5
2007,25,6,19-21,11.0,2.4,4.0,4.0,2.0,11
2007,25,6,22-23,15.0,7.0,8.3,13.0,8.0,11
2007,25,6,unk,1.0,0.3,0.5,0.0,0.0,1
2007,25,7,00-05,31.0,18.1,20.7,16.0,15.0,29
2007,25,7,06-15,19.0,4.8,5.6000000000000005,0.0,3.0,18
2007,25,7,16-18,11.0,5.4,6.5,0.0,5.0,10
2007,25,7,19-21,8.0,3.4000000000000004,4.1,2.0,4.0,6
2007,25,7,22-23,8.0,4.8,6.1,6.0,6.0,8
2007,26,1,00-05,55.0,39.6,45.9,37.0,46.0,50
2007,26,1,06-15,42.0,8.2,9.4,0.0,8.0,38
2007,26,1,16-18,19.0,2.6,2.9,0.0,3.0,18
2007,26,1,19-21,14.0,4.0,4.0,4.0,3.0,14
2007,26,1,22-23,18.0,4.8,6.9,14.0,7.0,15
2007,26,1,unk,2.0,0.3,1.3,0.0,2.0,2
2007,26,2,00-05,22.0,12.4,12.6,12.0,15.0,21
2007,26,2,06-15,68.0,8.1,8.5,0.0,8.0,61
2007,26,2,16-18,25.0,7.3,7.6,0.0,7.0,25
2007,26,2,19-21,30.0,5.0,6.5,13.0,11.0,26
2007,26,2,22-23,6.0,2.0,2.0,6.0,2.0,5
2007,26,2,unk,1.0,1.0,1.0,0.0,1.0,1
2007,26,3,00-05,12.0,6.5,6.8,7.0,6.0,11
2007,26,3,06-15,64.0,2.0,5.2,0.0,4.0,61
2007,26,3,16-18,27.0,3.2,4.4,0.0,4.0,23
2007,26,3,19-21,17.0,2.3000000000000003,3.7,9.0,7.0,16
2007,26,3,22-23,8.0,1.2000000000000002,1.3,3.0,2.0,8
2007,26,3,unk,1.0,0.0,0.0,0.0,0.0,1
2007,26,4,00-05,29.0,14.6,16.5,10.0,17.0,25
2007,26,4,06-15,61.0,2.6,2.8,0.0,3.0,59
2007,26,4,16-18,18.0,6.3,6.5,0.0,7.0,16
2007,26,4,19-21,24.0,1.5,4.6,6.0,7.0,22
2007,26,4,22-23,10.0,4.1,5.1,6.0,5.0,8
2007,26,5,00-05,21.0,12.6,15.6,14.0,16.0,19
2007,26,5,06-15,42.0,4.1,4.3,0.0,4.0,42
2007,26,5,16-18,18.0,2.3,3.5,0.0,7.0,17
2007,26,5,19-21,22.0,10.3,12.4,10.0,15.0,20
2007,26,5,22-23,18.0,7.2,7.4,5.0,7.0,17
2007,26,6,00-05,23.0,13.0,15.4,11.0,14.0,22
2007,26,6,06-15,49.0,4.5,10.9,0.0,11.0,44
2007,26,6,16-18,32.0,3.8,4.2,0.0,4.0,29
2007,26,6,19-21,31.0,10.0,15.3,11.0,16.0,26
2007,26,6,22-23,26.0,13.6,17.0,18.0,20.0,22
2007,26,7,00-05,62.0,39.4,50.7,32.0,54.0,53
2007,26,7,06-15,69.0,11.5,16.8,0.0,16.0,59
2007,26,7,16-18,43.0,7.9,9.4,0.0,10.0,39
2007,26,7,19-21,32.0,10.5,15.8,11.0,16.0,31
2007,26,7,22-23,26.0,13.7,13.7,18.0,15.0,24
2007,27,1,00-05,27.0,24.0,26.0,18.0,27.0,25
2007,27,1,06-15,16.0,8.0,10.1,0.0,11.0,16
2007,27,1,16-18,16.0,3.9,4.3,0.0,4.0,15
2007,27,1,19-21,7.0,3.5,3.5,3.0,5.0,5
2007,27,1,22-23,4.0,1.0,2.0,4.0,2.0,4
2007,27,2,00-05,7.0,3.4000000000000004,3.4000000000000004,1.0,3.0,7
2007,27,2,06-15,29.0,1.2,1.2,0.0,1.0,26
2007,27,2,16-18,13.0,2.5,3.5,0.0,3.0,12
2007,27,2,19-21,7.0,4.3,4.5,2.0,4.0,6
2007,27,2,22-23,2.0,2.0,2.0,1.0,2.0,2
2007,27,3,00-05,4.0,4.0,4.0,2.0,4.0,4
2007,27,3,06-15,51.0,3.4,3.6,0.0,6.0,42
2007,27,3,16-18,11.0,2.1,2.1,0.0,3.0,11
2007,27,3,19-21,6.0,0.0,0.1,3.0,1.0,5
2007,27,3,22-23,2.0,1.0,1.0,1.0,1.0,2
2007,27,4,00-05,3.0,1.0,1.0,2.0,1.0,3
2007,27,4,06-15,24.0,1.3,1.3,0.0,1.0,24
2007,27,4,16-18,27.0,16.3,16.5,0.0,16.0,16
2007,27,4,19-21,16.0,7.8,8.9,6.0,9.0,15
2007,27,4,22-23,6.0,2.0,3.0,4.0,3.0,6
2007,27,5,00-05,4.0,1.0,2.0,2.0,2.0,4
2007,27,5,06-15,35.0,5.3,6.5,0.0,6.0,33
2007,27,5,16-18,6.0,0.0,1.0,0.0,1.0,6
2007,27,5,19-21,18.0,7.5,7.8,4.0,7.0,17
2007,27,6,00-05,27.0,14.1,16.6,19.0,17.0,22
2007,27,6,06-15,28.0,2.7,2.8,0.0,2.0,25
2007,27,6,16-18,17.0,2.4,2.5,0.0,3.0,15
2007,27,6,19-21,10.0,2.9,3.9,3.0,4.0,9
2007,27,6,22-23,7.0,4.0,4.0,6.0,5.0,7
2007,27,7,00-05,21.0,17.5,18.5,16.0,19.0,20
2007,27,7,06-15,31.0,8.2,9.3,0.0,9.0,31
2007,27,7,16-18,10.0,1.6,3.0,0.0,2.0,10
2007,27,7,19-21,11.0,7.0,9.0,3.0,8.0,11
2007,27,7,22-23,7.0,6.0,6.0,6.0,6.0,7
2007,28,1,00-05,56.0,34.9,40.5,35.0,24.0,47
2007,28,1,06-15,59.0,16.3,20.0,0.0,8.0,52
2007,28,1,16-18,19.0,8.3,10.1,0.0,7.0,18
2007,28,1,19-21,23.0,9.2,12.6,6.0,9.0,21
2007,28,1,22-23,3.0,1.4,1.7,3.0,1.0,3
2007,28,2,00-05,23.0,14.1,14.5,12.0,9.0,19
2007,28,2,06-15,59.0,12.2,12.8,0.0,8.0,53
2007,28,2,16-18,14.0,3.5,4.9,0.0,2.0,14
2007,28,2,19-21,17.0,8.3,9.2,7.0,6.0,15
2007,28,2,22-23,9.0,3.6,3.7,8.0,2.0,8
2007,28,3,00-05,7.0,4.3,4.6,3.0,4.0,7
2007,28,3,06-15,36.0,4.0,4.4,0.0,1.0,35
2007,28,3,16-18,20.0,7.2,7.8,0.0,3.0,20
2007,28,3,19-21,14.0,6.4,7.6,2.0,5.0,13
2007,28,3,22-23,6.0,1.9,2.1,3.0,0.0,5
2007,28,4,00-05,15.0,6.6,9.2,9.0,4.0,13
2007,28,4,06-15,63.0,7.0,8.9,0.0,3.0,61
2007,28,4,16-18,17.0,3.6,3.9,0.0,2.0,17
2007,28,4,19-21,16.0,6.3,6.5,10.0,3.0,13
2007,28,4,22-23,10.0,5.4,6.0,8.0,1.0,8
2007,28,4,unk,1.0,0.0,0.1,0.0,0.0,1
2007,28,5,00-05,18.0,8.7,9.1,10.0,6.0,18
2007,28,5,06-15,45.0,7.7,8.2,0.0,7.0,40
2007,28,5,16-18,13.0,7.2,8.2,0.0,6.0,12
2007,28,5,19-21,16.0,6.7,6.8,8.0,4.0,14
2007,28,5,22-23,9.0,2.3,3.8,7.0,3.0,9
2007,28,6,00-05,20.0,12.2,14.5,10.0,14.0,18
2007,28,6,06-15,48.0,6.5,8.5,0.0,3.0,43
2007,28,6,16-18,21.0,7.7,9.8,0.0,7.0,20
2007,28,6,19-21,33.0,17.8,18.5,13.0,13.0,26
2007,28,6,22-23,23.0,10.1,11.2,17.0,11.0,20
2007,28,7,00-05,40.0,27.0,28.7,31.0,15.0,36
2007,28,7,06-15,51.0,12.200000000000001,16.1,0.0,7.0,48
2007,28,7,16-18,20.0,7.2,9.2,0.0,5.0,20
2007,28,7,19-21,28.0,12.0,13.0,10.0,10.0,25
2007,28,7,22-23,12.0,6.6,7.7,7.0,7.0,12
2007,29,1,00-05,46.0,33.9,34.3,34.0,36.0,41
2007,29,1,06-15,50.0,16.9,18.9,0.0,16.0,41
2007,29,1,16-18,24.0,7.5,8.9,0.0,8.0,19
2007,29,1,19-21,15.0,7.0,9.5,9.0,9.0,13
2007,29,1,22-23,12.0,4.7,4.8,8.0,6.0,12
2007,29,1,unk,1.0,0.0,0.0,0.0,0.0,1
2007,29,2,00-05,12.0,10.5,10.6,11.0,11.0,10
2007,29,2,06-15,54.0,2.4000000000000004,3.7,0.0,3.0,48
2007,29,2,16-18,33.0,6.7,6.9,0.0,5.0,30
2007,29,2,19-21,20.0,11.1,14.1,7.0,13.0,19
2007,29,2,22-23,13.0,8.4,8.6,11.0,11.0,12
2007,29,2,unk,1.0,0.0,0.0,0.0,0.0,1
2007,29,3,00-05,9.0,2.5,3.3,5.0,3.0,9
2007,29,3,06-15,34.0,2.7,4.6,0.0,5.0,33
2007,29,3,16-18,13.0,4.0,4.4,0.0,3.0,13
2007,29,3,19-21,11.0,3.6,6.7,6.0,7.0,11
2007,29,3,22-23,8.0,4.0,4.0,7.0,7.0,8
2007,29,3,unk,1.0,0.0,0.0,0.0,0.0,1
2007,29,4,00-05,29.0,10.9,13.3,11.0,14.0,27
2007,29,4,06-15,66.0,3.7,6.2,0.0,6.0,56
2007,29,4,16-18,22.0,5.5,5.8,0.0,5.0,20
2007,29,4,19-21,16.0,4.1,7.1,11.0,6.0,16
2007,29,4,22-23,13.0,8.2,8.2,8.0,9.0,11
2007,29,5,00-05,30.0,17.3,19.4,16.0,19.0,26
2007,29,5,06-15,61.0,4.8,7.2,0.0,5.0,56
2007,29,5,16-18,18.0,2.5,2.5,0.0,2.0,17
2007,29,5,19-21,12.0,4.2,4.5,3.0,5.0,10
2007,29,5,22-23,16.0,7.5,8.9,10.0,9.0,15
2007,29,5,unk,2.0,1.0,2.0,0.0,2.0,2
2007,29,6,00-05,28.0,15.7,18.1,11.0,16.0,27
2007,29,6,06-15,55.0,6.6,9.0,0.0,8.0,52
2007,29,6,16-18,23.0,3.9000000000000004,5.6000000000000005,0.0,5.0,22
2007,29,6,19-21,28.0,14.2,15.0,11.0,14.0,26
2007,29,6,22-23,22.0,11.8,14.1,17.0,15.0,20
2007,29,6,unk,2.0,0.7,0.8,0.0,0.0,2
2007,29,7,00-05,64.0,44.7,53.5,42.0,49.0,61
2007,29,7,06-15,62.0,9.2,12.8,0.0,10.0,53
2007,29,7,16-18,18.0,6.0,7.8999999999999995,0.0,9.0,16
2007,29,7,19-21,26.0,16.0,16.5,14.0,15.0,24
2007,29,7,22-23,18.0,9.7,11.0,15.0,14.0,15
2007,29,7,unk,4.0,0.7999999999999999,1.0,0.0,1.0,4
2007,30,1,00-05,21.0,13.6,18.7,18.0,21.0,19
2007,30,1,06-15,16.0,3.4,3.4,0.0,5.0,13
2007,30,1,16-18,6.0,2.0,2.0,0.0,2.0,6
2007,30,1,19-21,5.0,2.0,2.0,3.0,2.0,4
2007,30,1,22-23,7.0,3.1,4.4,3.0,6.0,6
2007,30,2,00-05,3.0,2.0,2.0,1.0,2.0,3
2007,30,2,06-15,13.0,3.1,3.3,0.0,3.0,13
2007,30,2,16-18,4.0,2.0,2.1,0.0,2.0,4
2007,30,2,19-21,2.0,2.0,2.0,2.0,2.0,2
2007,30,2,22-23,3.0,1.3,1.6,3.0,2.0,3
2007,30,2,unk,2.0,2.0,2.0,0.0,2.0,1
2007,30,3,00-05,4.0,2.5,2.5,3.0,3.0,4
2007,30,3,06-15,13.0,0.5,0.5,0.0,0.0,12
2007,30,3,16-18,7.0,0.1,0.1,0.0,0.0,6
2007,30,3,19-21,6.0,1.0,1.0,4.0,2.0,5
2007,30,3,22-23,6.0,5.0,5.0,5.0,5.0,5
2007,30,4,00-05,8.0,4.1,4.1,5.0,5.0,7
2007,30,4,06-15,14.0,1.2,1.4,0.0,1.0,14
2007,30,4,16-18,11.0,4.0,5.0,0.0,5.0,11
2007,30,4,19-21,4.0,2.0,2.0,0.0,2.0,4
2007,30,4,22-23,3.0,3.0,3.0,3.0,3.0,3
2007,30,5,00-05,4.0,3.0,4.0,4.0,4.0,4
2007,30,5,06-15,11.0,2.2,2.2,0.0,3.0,10
2007,30,5,16-18,5.0,1.2,1.2,0.0,1.0,4
2007,30,5,19-21,5.0,2.0,2.0,4.0,3.0,5
2007,30,5,22-23,3.0,0.0,0.0,3.0,3.0,2
2007,30,5,unk,1.0,0.7,1.0,0.0,1.0,1
2007,30,6,00-05,3.0,0.6,1.1,1.0,1.0,3
2007,30,6,06-15,13.0,1.0,2.0,0.0,2.0,11
2007,30,6,16-18,11.0,2.5,3.7,0.0,4.0,11
2007,30,6,19-21,7.0,4.2,4.3,1.0,4.0,6
2007,30,6,22-23,3.0,2.7,3.0,3.0,3.0,3
2007,30,7,00-05,19.0,14.0,16.1,16.0,16.0,16
2007,30,7,06-15,14.0,1.2,3.2,0.0,3.0,10
2007,30,7,16-18,7.0,1.1,2.1,0.0,2.0,6
2007,30,7,19-21,9.0,7.0,7.0,5.0,7.0,9
2007,30,7,22-23,3.0,2.6,2.9,2.0,3.0,3
2007,30,7,unk,1.0,1.0,1.0,0.0,1.0,1
2007,31,1,00-05,21.0,13.8,18.9,16.0,19.0,16
2007,31,1,06-15,16.0,0.7,0.7999999999999999,0.0,1.0,14
2007,31,1,16-18,2.0,0.0,0.0,0.0,2.0,1
2007,31,1,19-21,1.0,1.0,1.0,0.0,1.0,1
2007,31,1,22-23,2.0,1.0,2.0,1.0,2.0,2
2007,31,2,00-05,1.0,0.7,0.7,0.0,1.0,1
2007,31,2,06-15,21.0,0.0,2.0,0.0,2.0,19
2007,31,2,16-18,3.0,0.0,1.0,0.0,1.0,3
2007,31,2,19-21,1.0,0.0,0.0,0.0,0.0,1
2007,31,2,22-23,1.0,1.0,1.0,1.0,1.0,1
2007,31,3,00-05,4.0,3.9,4.0,3.0,4.0,4
2007,31,3,06-15,17.0,3.1,3.1,0.0,3.0,15
2007,31,3,16-18,5.0,1.6,1.6,0.0,1.0,5
2007,31,3,19-21,1.0,0.0,0.0,1.0,0.0,1
2007,31,3,22-23,1.0,1.0,1.0,1.0,1.0,1
2007,31,3,unk,2.0,0.2,0.2,0.0,0.0,1
2007,31,4,00-05,5.0,3.0,4.0,2.0,4.0,5
2007,31,4,06-15,13.0,0.1,2.5,0.0,2.0,13
2007,31,4,16-18,4.0,3.0,3.0,0.0,3.0,2
2007,31,4,19-21,7.0,4.7,4.9,1.0,5.0,6
2007,31,4,22-23,3.0,1.0,1.0,2.0,1.0,3
2007,31,4,unk,2.0,0.0,0.0,0.0,0.0,2
2007,31,5,00-05,9.0,8.0,8.0,5.0,8.0,8
2007,31,5,06-15,9.0,0.0,1.1,0.0,1.0,8
2007,31,5,16-18,5.0,0.0,0.0,0.0,0.0,5
2007,31,5,unk,2.0,1.0,1.0,0.0,1.0,2
2007,31,6,00-05,6.0,4.0,4.0,3.0,5.0,5
2007,31,6,06-15,21.0,1.0,1.0,0.0,1.0,19
2007,31,6,16-18,11.0,2.1,3.1,0.0,5.0,11
2007,31,6,19-21,5.0,2.0,4.0,1.0,4.0,4
2007,31,6,22-23,1.0,0.0,1.0,0.0,1.0,1
2007,31,6,unk,3.0,2.0,2.0,0.0,2.0,3
2007,31,7,00-05,12.0,9.2,10.3,7.0,11.0,11
2007,31,7,06-15,19.0,1.0,1.1,0.0,1.0,16
2007,31,7,16-18,9.0,2.0,4.0,0.0,4.0,9
2007,31,7,19-21,7.0,4.0,4.0,4.0,4.0,7
2007,31,7,22-23,2.0,1.0,1.0,1.0,2.0,2
2007,31,7,unk,2.0,0.0,0.2,0.0,0.0,2
2007,32,1,00-05,23.0,18.0,19.7,12.0,20.0,22
2007,32,1,06-15,31.0,9.1,14.5,0.0,15.0,29
2007,32,1,16-18,8.0,1.0,1.3,0.0,3.0,7
2007,32,1,19-21,4.0,2.1,2.1,2.0,3.0,4
2007,32,1,22-23,5.0,2.0,2.1,5.0,3.0,5
2007,32,2,00-05,5.0,2.6,2.9,1.0,3.0,5
2007,32,2,06-15,18.0,2.0,2.0,0.0,2.0,18
2007,32,2,16-18,6.0,1.0,1.1,0.0,1.0,6
2007,32,2,19-21,11.0,2.3,3.3,5.0,3.0,9
2007,32,2,22-23,1.0,1.0,1.0,1.0,1.0,1
2007,32,3,00-05,7.0,3.6,3.7,3.0,4.0,7
2007,32,3,06-15,12.0,0.0,0.1,0.0,0.0,11
2007,32,3,16-18,7.0,0.1,0.1,0.0,0.0,6
2007,32,3,19-21,7.0,1.4,1.7000000000000002,4.0,2.0,7
2007,32,3,22-23,2.0,2.0,2.0,1.0,2.0,2
2007,32,4,00-05,9.0,5.0,5.0,6.0,6.0,9
2007,32,4,06-15,15.0,2.4,2.6,0.0,2.0,15
2007,32,4,16-18,7.0,1.2,1.2,0.0,1.0,7
2007,32,4,19-21,7.0,4.1,4.1,3.0,4.0,6
2007,32,4,22-23,7.0,3.1,4.0,5.0,5.0,7
2007,32,5,00-05,10.0,4.9,6.0,5.0,7.0,10
2007,32,5,06-15,12.0,0.9,1.1,0.0,0.0,11
2007,32,5,16-18,10.0,1.0,2.0,0.0,2.0,10
2007,32,5,19-21,5.0,1.0,2.0,2.0,3.0,5
2007,32,5,22-23,4.0,1.4,2.6,1.0,3.0,4
2007,32,6,00-05,6.0,2.7,2.8,2.0,1.0,6
2007,32,6,06-15,28.0,2.2,3.7,0.0,3.0,23
2007,32,6,16-18,9.0,0.4,1.9,0.0,2.0,8
2007,32,6,19-21,6.0,0.2,2.2,3.0,3.0,6
2007,32,6,22-23,11.0,4.5,4.9,8.0,6.0,10
2007,32,7,00-05,22.0,14.2,17.3,7.0,17.0,20
2007,32,7,06-15,26.0,3.3,3.5,0.0,4.0,20
2007,32,7,16-18,12.0,3.4,4.6,0.0,4.0,11
2007,32,7,19-21,14.0,11.3,11.700000000000001,3.0,12.0,9
2007,32,7,22-23,6.0,3.0,3.0,3.0,4.0,5
2007,33,1,00-05,7.0,4.0,5.0,0.0,5.0,7
2007,33,1,06-15,3.0,0.0,0.0,0.0,0.0,3
2007,33,1,16-18,1.0,0.3,0.6,0.0,0.0,1
2007,33,1,19-21,1.0,0.0,0.0,1.0,0.0,1
2007,33,1,22-23,1.0,1.0,1.0,1.0,1.0,1
2007,33,2,00-05,1.0,1.0,1.0,1.0,1.0,1
2007,33,2,06-15,4.0,0.0,0.0,0.0,0.0,4
2007,33,2,16-18,1.0,1.0,1.0,0.0,1.0,1
2007,33,2,19-21,4.0,1.0,2.0,2.0,3.0,4
2007,33,2,22-23,1.0,1.0,1.0,1.0,1.0,1
2007,33,3,00-05,4.0,2.3,2.3,1.0,2.0,4
2007,33,3,06-15,7.0,0.30000000000000004,0.30000000000000004,0.0,0.0,7
2007,33,3,16-18,5.0,0.30000000000000004,1.3,0.0,1.0,5
2007,33,3,19-21,1.0,0.0,0.0,0.0,0.0,1
2007,33,3,22-23,1.0,1.0,1.0,1.0,1.0,1
2007,33,4,00-05,1.0,0.0,0.0,1.0,0.0,1
2007,33,4,06-15,10.0,0.0,0.1,0.0,0.0,8
2007,33,4,16-18,5.0,0.2,1.3,0.0,1.0,5
2007,33,4,19-21,1.0,1.0,1.0,1.0,1.0,1
2007,33,4,22-23,2.0,2.0,2.0,0.0,2.0,1
2007,33,5,00-05,1.0,1.0,1.0,1.0,1.0,1
2007,33,5,06-15,15.0,4.1,5.1,0.0,5.0,13
2007,33,5,16-18,1.0,0.0,0.0,0.0,0.0,1
2007,33,5,19-21,1.0,1.0,1.0,1.0,1.0,1
2007,33,5,22-23,2.0,1.0,1.0,1.0,1.0,2
2007,33,6,00-05,3.0,2.0,3.0,2.0,3.0,3
2007,33,6,06-15,7.0,1.4,1.5,0.0,1.0,7
2007,33,6,16-18,4.0,1.2,1.2,0.0,1.0,4
2007,33,6,19-21,3.0,1.3,1.4,3.0,2.0,3
2007,33,6,22-23,2.0,0.1,0.1,2.0,1.0,2
2007,33,7,00-05,5.0,2.6,3.9,3.0,4.0,5
2007,33,7,06-15,16.0,1.1,3.2,0.0,4.0,14
2007,33,7,16-18,2.0,0.1,0.2,0.0,0.0,2
2007,33,7,19-21,5.0,0.7,0.8999999999999999,1.0,1.0,5
2007,33,7,22-23,1.0,0.0,0.0,1.0,1.0,1
2007,34,1,00-05,33.0,20.3,25.8,23.0,26.0,29
2007,34,1,06-15,35.0,4.9,6.3,0.0,7.0,34
2007,34,1,16-18,12.0,4.0,4.3,0.0,3.0,11
2007,34,1,19-21,18.0,9.5,9.9,6.0,10.0,16
2007,34,1,22-23,10.0,3.6,3.9,7.0,4.0,10
2007,34,2,00-05,19.0,11.1,12.1,6.0,10.0,17
2007,34,2,06-15,39.0,1.8,4.0,0.0,3.0,34
2007,34,2,16-18,13.0,0.5,0.6000000000000001,0.0,4.0,11
2007,34,2,19-21,15.0,2.9,3.2,9.0,5.0,15
2007,34,2,22-23,7.0,3.3,3.5,4.0,7.0,7
2007,34,3,00-05,14.0,4.1,5.2,7.0,5.0,14
2007,34,3,06-15,39.0,0.8,2.1,0.0,2.0,38
2007,34,3,16-18,16.0,5.2,5.5,0.0,4.0,16
2007,34,3,19-21,23.0,6.3,9.4,6.0,9.0,22
2007,34,3,22-23,8.0,3.0,4.0,7.0,3.0,7
2007,34,4,00-05,18.0,5.9,6.4,6.0,5.0,18
2007,34,4,06-15,44.0,3.6,5.0,0.0,6.0,40
2007,34,4,16-18,15.0,2.9,3.2,0.0,2.0,14
2007,34,4,19-21,13.0,1.2000000000000002,1.3,5.0,4.0,11
2007,34,4,22-23,9.0,3.6,4.8,7.0,5.0,9
2007,34,5,00-05,11.0,5.5,6.7,4.0,7.0,11
2007,34,5,06-15,28.0,1.8,3.6,0.0,3.0,26
2007,34,5,16-18,16.0,3.8000000000000003,4.9,0.0,5.0,16
2007,34,5,19-21,10.0,2.7,4.0,5.0,7.0,10
2007,34,5,22-23,7.0,2.7,2.9,5.0,3.0,7
2007,34,6,00-05,19.0,9.7,13.299999999999999,11.0,13.0,18
2007,34,6,06-15,44.0,5.7,7.7,0.0,6.0,43
2007,34,6,16-18,18.0,1.6,2.0,0.0,1.0,15
2007,34,6,19-21,18.0,9.3,9.3,6.0,10.0,13
2007,34,6,22-23,16.0,4.1,7.5,12.0,8.0,14
2007,34,7,00-05,45.0,28.9,33.7,31.0,35.0,40
2007,34,7,06-15,31.0,6.7,11.1,0.0,11.0,30
2007,34,7,16-18,26.0,7.5,12.0,0.0,12.0,24
2007,34,7,19-21,20.0,5.9,7.2,6.0,10.0,20
2007,34,7,22-23,15.0,6.1,9.1,10.0,11.0,14
2007,35,1,00-05,18.0,12.0,13.7,9.0,14.0,15
2007,35,1,06-15,18.0,4.1,5.1,0.0,7.0,15
2007,35,1,16-18,10.0,3.1,3.1,0.0,4.0,10
2007,35,1,19-21,15.0,7.5,8.8,5.0,10.0,14
2007,35,1,22-23,4.0,1.1,2.1,3.0,3.0,4
2007,35,2,00-05,9.0,2.7,4.0,5.0,4.0,9
2007,35,2,06-15,18.0,2.2,2.5,0.0,3.0,17
2007,35,2,16-18,7.0,1.0,1.0,0.0,1.0,7
2007,35,2,19-21,11.0,3.4,4.5,5.0,6.0,11
2007,35,2,22-23,9.0,8.0,8.5,9.0,9.0,5
2007,35,3,00-05,6.0,2.0,2.0,2.0,3.0,5
2007,35,3,06-15,28.0,5.9,7.1,0.0,8.0,25
2007,35,3,16-18,7.0,1.3,2.3,0.0,3.0,7
2007,35,3,19-21,6.0,2.3,2.4000000000000004,3.0,4.0,6
2007,35,3,22-23,4.0,3.0,3.0,4.0,3.0,3
2007,35,4,00-05,10.0,3.2,3.5,5.0,5.0,9
2007,35,4,06-15,30.0,5.3,7.3,0.0,7.0,27
2007,35,4,16-18,18.0,4.8,6.0,0.0,6.0,16
2007,35,4,19-21,14.0,5.0,5.1,2.0,6.0,11
2007,35,4,22-23,6.0,3.0,3.1,6.0,6.0,6
2007,35,4,unk,1.0,0.0,0.0,0.0,0.0,1
2007,35,5,00-05,6.0,1.0,1.0,4.0,2.0,5
2007,35,5,06-15,15.0,2.0,2.0,0.0,2.0,14
2007,35,5,16-18,6.0,1.0,1.0,0.0,1.0,6
2007,35,5,19-21,11.0,1.2,1.4,4.0,4.0,10
2007,35,5,22-23,7.0,3.8,3.8,6.0,5.0,6
2007,35,6,00-05,9.0,6.5,7.2,5.0,8.0,8
2007,35,6,06-15,31.0,7.0,8.0,0.0,8.0,22
2007,35,6,16-18,6.0,1.9,2.0,0.0,2.0,6
2007,35,6,19-21,7.0,1.4,1.6,3.0,3.0,7
2007,35,6,22-23,3.0,2.7,3.0,2.0,3.0,3
2007,35,7,00-05,15.0,8.2,8.6,8.0,9.0,14
2007,35,7,06-15,24.0,5.4,6.6,0.0,7.0,24
2007,35,7,16-18,8.0,1.2,1.6,0.0,3.0,8
2007,35,7,19-21,8.0,3.2,3.2,6.0,4.0,8
2007,35,7,22-23,8.0,4.7,5.0,7.0,5.0,7
2007,36,1,00-05,73.0,44.8,50.1,41.0,51.0,66
2007,36,1,06-15,82.0,13.7,20.4,0.0,16.0,73
2007,36,1,16-18,29.0,4.8,7.9,0.0,6.0,28
2007,36,1,19-21,39.0,19.4,21.6,24.0,16.0,36
2007,36,1,22-23,21.0,8.9,10.5,16.0,9.0,19
2007,36,2,00-05,29.0,9.9,12.9,17.0,12.0,27
2007,36,2,06-15,71.0,7.4,12.5,0.0,10.0,66
2007,36,2,16-18,24.0,8.9,9.1,0.0,6.0,22
2007,36,2,19-21,22.0,3.2,5.6,9.0,5.0,21
2007,36,2,22-23,14.0,5.0,5.6,10.0,5.0,13
2007,36,3,00-05,29.0,13.799999999999999,16.7,15.0,15.0,28
2007,36,3,06-15,76.0,5.5,7.3,0.0,4.0,72
2007,36,3,16-18,39.0,5.8,9.4,0.0,7.0,37
2007,36,3,19-21,18.0,6.9,7.3,7.0,8.0,17
2007,36,3,22-23,16.0,5.4,5.9,6.0,3.0,11
2007,36,3,unk,1.0,0.0,0.0,0.0,0.0,1
2007,36,4,00-05,27.0,9.8,11.5,13.0,11.0,21
2007,36,4,06-15,82.0,7.0,9.9,0.0,7.0,74
2007,36,4,16-18,19.0,1.2000000000000002,1.6,0.0,0.0,19
2007,36,4,19-21,17.0,1.9000000000000001,3.2,12.0,5.0,16
2007,36,4,22-23,9.0,3.7,5.1,7.0,3.0,9
2007,36,4,unk,1.0,0.5,0.5,0.0,0.0,1
2007,36,5,00-05,26.0,15.5,16.4,12.0,15.0,26
2007,36,5,06-15,72.0,7.6000000000000005,9.2,0.0,4.0,71
2007,36,5,16-18,30.0,4.1,6.1000000000000005,0.0,4.0,28
2007,36,5,19-21,26.0,5.8,7.7,13.0,5.0,25
2007,36,5,22-23,14.0,6.8,9.7,8.0,10.0,13
2007,36,6,00-05,28.0,16.0,17.6,17.0,17.0,25
2007,36,6,06-15,84.0,9.0,14.0,0.0,7.0,81
2007,36,6,16-18,32.0,4.8,8.7,0.0,3.0,31
2007,36,6,19-21,34.0,10.3,12.1,21.0,13.0,31
2007,36,6,22-23,27.0,13.5,14.5,21.0,14.0,25
2007,36,7,00-05,73.0,53.9,59.0,41.0,57.0,61
2007,36,7,06-15,73.0,16.6,20.0,0.0,14.0,70
2007,36,7,16-18,22.0,3.2,5.6,0.0,5.0,21
2007,36,7,19-21,43.0,17.9,20.3,16.0,18.0,42
2007,36,7,22-23,10.0,4.9,5.4,7.0,8.0,10
2007,37,1,00-05,103.0,66.2,75.2,62.0,80.0,90
2007,37,1,06-15,79.0,12.6,17.2,0.0,18.0,67
2007,37,1,16-18,45.0,8.9,13.1,0.0,13.0,39
2007,37,1,19-21,50.0,22.7,26.3,22.0,28.0,43
2007,37,1,22-23,21.0,14.7,15.3,12.0,16.0,18
2007,37,2,00-05,24.0,10.4,11.0,9.0,12.0,22
2007,37,2,06-15,85.0,9.2,10.7,0.0,13.0,81
2007,37,2,16-18,38.0,6.8,8.7,0.0,8.0,33
2007,37,2,19-21,28.0,4.6,6.0,9.0,11.0,27
2007,37,2,22-23,20.0,10.3,10.3,14.0,11.0,18
2007,37,2,unk,1.0,0.0,0.0,0.0,1.0,1
2007,37,3,00-05,33.0,13.1,15.3,22.0,19.0,32
2007,37,3,06-15,94.0,10.1,12.9,0.0,15.0,87
2007,37,3,16-18,27.0,5.7,6.0,0.0,7.0,25
2007,37,3,19-21,29.0,7.3999999999999995,10.0,14.0,11.0,27
2007,37,3,22-23,14.0,7.8,9.5,10.0,10.0,14
2007,37,4,00-05,37.0,19.3,22.0,28.0,23.0,34
2007,37,4,06-15,89.0,12.3,12.6,0.0,12.0,83
2007,37,4,16-18,36.0,10.7,11.6,0.0,16.0,32
2007,37,4,19-21,37.0,11.5,16.7,15.0,22.0,35
2007,37,4,22-23,14.0,4.5,5.7,11.0,8.0,14
2007,37,5,00-05,33.0,17.2,19.7,20.0,22.0,31
2007,37,5,06-15,99.0,9.0,9.299999999999999,0.0,12.0,85
2007,37,5,16-18,28.0,4.1,5.6000000000000005,0.0,8.0,26
2007,37,5,19-21,29.0,8.7,14.8,10.0,19.0,24
2007,37,5,22-23,13.0,5.3,5.4,9.0,6.0,13
2007,37,6,00-05,48.0,24.1,31.0,31.0,31.0,45
2007,37,6,06-15,81.0,5.3,6.300000000000001,0.0,6.0,76
2007,37,6,16-18,41.0,6.6000000000000005,8.1,0.0,9.0,37
2007,37,6,19-21,38.0,15.2,16.9,19.0,22.0,34
2007,37,6,22-23,29.0,17.3,18.2,16.0,21.0,24
2007,37,7,00-05,85.0,50.3,65.3,60.0,68.0,79
2007,37,7,06-15,103.0,11.3,12.0,0.0,14.0,89
2007,37,7,16-18,59.0,22.6,28.0,0.0,27.0,55
2007,37,7,19-21,53.0,17.6,19.7,15.0,22.0,46
2007,37,7,22-23,33.0,15.2,17.3,24.0,19.0,29
2007,38,1,00-05,12.0,11.8,11.8,11.0,12.0,9
2007,38,1,06-15,7.0,1.2,1.2,0.0,1.0,7
2007,38,1,19-21,3.0,0.0,0.0,0.0,0.0,2
2007,38,2,06-15,2.0,0.0,0.0,0.0,0.0,2
2007,38,2,16-18,3.0,3.0,3.0,0.0,3.0,2
2007,38,2,19-21,1.0,0.0,0.0,0.0,0.0,1
2007,38,2,22-23,1.0,0.0,0.0,1.0,1.0,1
2007,38,3,00-05,2.0,2.0,2.0,1.0,2.0,2
2007,38,3,06-15,1.0,0.0,0.0,0.0,0.0,1
2007,38,3,16-18,4.0,0.0,0.0,0.0,0.0,3
2007,38,3,19-21,2.0,0.0,0.0,1.0,0.0,2
2007,38,3,22-23,1.0,0.0,0.0,1.0,0.0,1
2007,38,4,00-05,3.0,1.7,2.0,3.0,2.0,3
2007,38,4,06-15,5.0,0.0,0.0,0.0,0.0,4
2007,38,4,16-18,1.0,0.9,0.9,0.0,1.0,1
2007,38,4,19-21,1.0,1.0,1.0,1.0,1.0,1
2007,38,4,22-23,1.0,1.0,1.0,1.0,1.0,1
2007,38,4,unk,1.0,1.0,1.0,0.0,1.0,1
2007,38,5,00-05,6.0,5.0,5.0,5.0,6.0,5
2007,38,5,06-15,4.0,0.4,0.4,0.0,2.0,3
2007,38,5,19-21,1.0,1.0,1.0,0.0,1.0,1
2007,38,5,22-23,1.0,1.0,1.0,1.0,1.0,1
2007,38,5,unk,1.0,1.0,1.0,0.0,1.0,1
2007,38,6,00-05,3.0,2.5,2.6,1.0,3.0,3
2007,38,6,06-15,6.0,0.0,0.0,0.0,0.0,5
2007,38,6,16-18,4.0,1.0,1.0,0.0,1.0,3
2007,38,6,19-21,3.0,1.4,1.8,2.0,2.0,3
2007,38,6,22-23,1.0,0.0,1.0,1.0,1.0,1
2007,38,7,00-05,8.0,7.0,8.0,6.0,8.0,7
2007,38,7,06-15,9.0,5.8,5.8,0.0,5.0,7
2007,38,7,16-18,3.0,1.0,1.0,0.0,1.0,3
2007,38,7,19-21,4.0,1.0,3.0,2.0,3.0,4
2007,38,7,22-23,6.0,4.0,4.0,2.0,5.0,4
2007,39,1,00-05,64.0,47.9,54.0,41.0,57.0,58
2007,39,1,06-15,63.0,9.9,11.4,0.0,10.0,60
2007,39,1,16-18,30.0,10.6,11.9,0.0,15.0,26
2007,39,1,19-21,29.0,6.2,8.3,7.0,9.0,26
2007,39,1,22-23,16.0,8.7,8.8,8.0,10.0,12
2007,39,2,00-05,16.0,6.4,7.7,9.0,7.0,16
2007,39,2,06-15,85.0,2.2,5.7,0.0,8.0,79
2007,39,2,16-18,19.0,3.2,3.2,0.0,4.0,18
2007,39,2,19-21,35.0,11.2,16.3,15.0,21.0,30
2007,39,2,22-23,7.0,2.3,3.4,6.0,3.0,7
2007,39,3,00-05,25.0,14.6,16.9,18.0,16.0,23
2007,39,3,06-15,56.0,4.4,4.6,0.0,4.0,51
2007,39,3,16-18,32.0,4.1,4.3,0.0,5.0,29
2007,39,3,19-21,21.0,7.1,9.3,13.0,12.0,20
2007,39,3,22-23,10.0,4.2,5.5,4.0,7.0,9
2007,39,4,00-05,24.0,14.5,19.5,17.0,21.0,23
2007,39,4,06-15,50.0,3.7,4.8,0.0,9.0,49
2007,39,4,16-18,33.0,4.1,4.7,0.0,8.0,32
2007,39,4,19-21,26.0,6.2,11.3,12.0,11.0,25
2007,39,4,22-23,20.0,10.1,11.3,15.0,11.0,19
2007,39,5,00-05,30.0,16.6,23.0,17.0,24.0,28
2007,39,5,06-15,73.0,5.6,6.7,0.0,8.0,69
2007,39,5,16-18,25.0,5.300000000000001,7.6,0.0,8.0,21
2007,39,5,19-21,24.0,11.5,13.7,11.0,12.0,23
2007,39,5,22-23,12.0,7.5,7.6,8.0,7.0,12
2007,39,6,00-05,37.0,24.7,30.8,27.0,31.0,36
2007,39,6,06-15,74.0,7.6,9.7,0.0,10.0,68
2007,39,6,16-18,31.0,5.1,7.7,0.0,12.0,21
2007,39,6,19-21,32.0,12.4,14.9,14.0,15.0,31
2007,39,6,22-23,24.0,14.6,16.5,19.0,16.0,23
2007,39,7,00-05,68.0,52.0,56.6,44.0,59.0,61
2007,39,7,06-15,65.0,8.3,13.4,0.0,16.0,63
2007,39,7,16-18,36.0,11.3,11.7,0.0,13.0,32
2007,39,7,19-21,41.0,13.8,17.6,12.0,19.0,39
2007,39,7,22-23,21.0,10.0,10.2,17.0,16.0,21
2007,39,7,unk,1.0,1.0,1.0,0.0,1.0,1
2007,40,1,00-05,51.0,30.6,33.0,24.0,32.0,36
2007,40,1,06-15,33.0,3.3,5.5,0.0,5.0,28
2007,40,1,16-18,20.0,7.1,8.6,0.0,7.0,17
2007,40,1,19-21,14.0,4.0,4.7,8.0,4.0,13
2007,40,1,22-23,13.0,7.0,7.0,12.0,6.0,10
2007,40,1,unk,2.0,2.0,2.0,0.0,2.0,1
2007,40,2,00-05,10.0,6.1,6.1,3.0,6.0,10
2007,40,2,06-15,50.0,4.7,5.3,0.0,7.0,45
2007,40,2,16-18,20.0,2.2,3.2,0.0,4.0,18
2007,40,2,19-21,18.0,6.3,6.3,4.0,10.0,16
2007,40,2,22-23,4.0,2.0,3.0,3.0,3.0,4
2007,40,2,unk,2.0,0.0,0.0,0.0,0.0,1
2007,40,3,00-05,11.0,5.6,6.6,3.0,6.0,8
2007,40,3,06-15,53.0,2.8,4.1,0.0,3.0,44
2007,40,3,16-18,12.0,2.6,2.7,0.0,3.0,12
2007,40,3,19-21,7.0,2.5,2.6,2.0,3.0,6
2007,40,3,22-23,3.0,3.0,3.0,2.0,3.0,3
2007,40,4,00-05,10.0,2.3000000000000003,2.5,2.0,3.0,10
2007,40,4,06-15,58.0,3.3,4.4,0.0,6.0,51
2007,40,4,16-18,10.0,0.2,0.2,0.0,0.0,7
2007,40,4,19-21,11.0,1.1,3.1,5.0,3.0,9
2007,40,4,22-23,8.0,2.9,3.0,7.0,4.0,7
2007,40,5,00-05,12.0,5.8,5.8,4.0,6.0,11
2007,40,5,06-15,28.0,1.7,2.1,0.0,3.0,27
2007,40,5,16-18,12.0,2.1,2.2,0.0,2.0,9
2007,40,5,19-21,21.0,9.1,9.6,8.0,11.0,17
2007,40,5,22-23,10.0,9.9,9.9,3.0,9.0,7
2007,40,6,00-05,17.0,11.9,12.0,8.0,11.0,16
2007,40,6,06-15,58.0,7.5,7.9,0.0,7.0,50
2007,40,6,16-18,26.0,5.2,5.7,0.0,7.0,18
2007,40,6,19-21,18.0,4.3,4.6,5.0,4.0,15
2007,40,6,22-23,17.0,12.2,12.2,7.0,15.0,9
2007,40,6,unk,1.0,0.0,0.0,0.0,0.0,1
2007,40,7,00-05,32.0,21.8,22.0,18.0,21.0,30
2007,40,7,06-15,53.0,13.9,14.1,0.0,13.0,47
2007,40,7,16-18,21.0,7.3,7.6,0.0,8.0,16
2007,40,7,19-21,9.0,4.1,4.1,5.0,4.0,9
2007,40,7,22-23,11.0,4.1,6.2,8.0,6.0,11
2007,41,1,00-05,14.0,7.7,9.0,8.0,10.0,12
2007,41,1,06-15,20.0,5.7,6.9,0.0,6.0,18
2007,41,1,16-18,9.0,3.2,4.4,0.0,5.0,8
2007,41,1,19-21,8.0,2.0,3.0,2.0,5.0,8
2007,41,1,22-23,7.0,7.0,7.0,5.0,7.0,6
2007,41,1,unk,1.0,0.0,0.0,0.0,0.0,1
2007,41,2,00-05,10.0,5.1,5.1,5.0,5.0,8
2007,41,2,06-15,32.0,3.1,6.3,0.0,5.0,29
2007,41,2,16-18,15.0,2.3,4.3,0.0,4.0,15
2007,41,2,19-21,14.0,6.0,6.0,7.0,7.0,13
2007,41,2,22-23,4.0,1.0,1.0,4.0,2.0,4
2007,41,2,unk,4.0,1.0,1.0,0.0,1.0,3
2007,41,3,00-05,12.0,7.6,7.6,5.0,8.0,10
2007,41,3,06-15,22.0,1.0,3.0,0.0,3.0,22
2007,41,3,16-18,16.0,6.3,6.7,0.0,6.0,15
2007,41,3,19-21,6.0,4.0,4.0,2.0,4.0,4
2007,41,3,22-23,4.0,3.0,3.0,4.0,3.0,4
2007,41,3,unk,2.0,0.6,0.6,0.0,0.0,2
2007,41,4,00-05,7.0,3.0,5.0,5.0,6.0,7
2007,41,4,06-15,15.0,0.4,0.6000000000000001,0.0,1.0,15
2007,41,4,16-18,7.0,3.0,3.0,0.0,3.0,7
2007,41,4,19-21,6.0,2.0,2.0,2.0,3.0,6
2007,41,4,22-23,4.0,1.0,2.0,3.0,2.0,3
2007,41,4,unk,6.0,2.4,2.5,0.0,3.0,6
2007,41,5,00-05,9.0,6.2,7.2,6.0,6.0,7
2007,41,5,06-15,27.0,2.4,2.6,0.0,2.0,23
2007,41,5,16-18,11.0,3.0,5.0,0.0,5.0,11
2007,41,5,19-21,7.0,2.5,4.5,4.0,5.0,7
2007,41,5,22-23,3.0,1.1,1.2,3.0,3.0,3
2007,41,5,unk,1.0,1.0,1.0,0.0,1.0,1
2007,41,6,00-05,13.0,6.3,7.4,3.0,7.0,13
2007,41,6,06-15,29.0,1.3,2.3,0.0,2.0,26
2007,41,6,16-18,12.0,3.0,3.2,0.0,3.0,9
2007,41,6,19-21,5.0,3.0,3.0,2.0,3.0,5
2007,41,6,22-23,5.0,2.2,2.2,5.0,4.0,5
2007,41,6,unk,5.0,0.0,2.0,0.0,2.0,4
2007,41,7,00-05,17.0,15.0,16.0,13.0,16.0,13
2007,41,7,06-15,30.0,5.2,6.3,0.0,6.0,26
2007,41,7,16-18,13.0,6.0,6.1,0.0,7.0,11
2007,41,7,19-21,5.0,2.0,2.4,2.0,3.0,5
2007,41,7,22-23,9.0,3.4,4.6,6.0,5.0,8
2007,41,7,unk,9.0,7.4,7.7,0.0,7.0,8
2007,42,1,00-05,82.0,58.6,64.1,56.0,68.0,72
2007,42,1,06-15,61.0,10.1,12.1,0.0,12.0,54
2007,42,1,16-18,26.0,7.9,12.4,0.0,12.0,25
2007,42,1,19-21,30.0,16.1,19.3,15.0,18.0,29
2007,42,1,22-23,23.0,12.4,14.5,17.0,14.0,20
2007,42,1,unk,4.0,2.7,2.7,0.0,2.0,4
2007,42,2,00-05,38.0,21.9,24.4,21.0,27.0,35
2007,42,2,06-15,89.0,7.800000000000001,12.1,0.0,10.0,82
2007,42,2,16-18,35.0,10.2,11.5,0.0,13.0,35
2007,42,2,19-21,29.0,13.0,14.5,14.0,14.0,27
2007,42,2,22-23,14.0,5.1,7.2,11.0,7.0,14
2007,42,2,unk,2.0,0.1,1.1,0.0,1.0,2
2007,42,3,00-05,28.0,14.5,16.1,23.0,18.0,27
2007,42,3,06-15,80.0,3.8,4.2,0.0,2.0,75
2007,42,3,16-18,27.0,3.3,5.5,0.0,5.0,26
2007,42,3,19-21,28.0,9.9,11.6,15.0,12.0,28
2007,42,3,22-23,17.0,8.5,9.1,13.0,9.0,17
2007,42,3,unk,1.0,1.0,1.0,0.0,1.0,1
2007,42,4,00-05,32.0,22.3,22.4,20.0,23.0,31
2007,42,4,06-15,91.0,7.7,9.9,0.0,8.0,87
2007,42,4,16-18,26.0,4.4,5.9,0.0,4.0,26
2007,42,4,19-21,31.0,11.0,12.100000000000001,14.0,11.0,28
2007,42,4,22-23,9.0,4.4,5.5,8.0,6.0,9
2007,42,5,00-05,30.0,17.7,18.0,18.0,18.0,30
2007,42,5,06-15,77.0,4.5,4.9,0.0,5.0,71
2007,42,5,16-18,28.0,2.4,3.8,0.0,3.0,27
2007,42,5,19-21,30.0,10.7,12.8,5.0,14.0,28
2007,42,5,22-23,16.0,8.3,8.7,11.0,10.0,15
2007,42,5,unk,1.0,0.0,1.0,0.0,1.0,1
2007,42,6,00-05,44.0,24.4,29.2,27.0,29.0,42
2007,42,6,06-15,93.0,11.6,13.5,0.0,13.0,86
2007,42,6,16-18,36.0,9.2,11.7,0.0,11.0,32
2007,42,6,19-21,47.0,26.5,28.7,18.0,27.0,37
2007,42,6,22-23,33.0,14.4,18.9,20.0,16.0,31
2007,42,6,unk,3.0,2.5,2.5,0.0,2.0,3
2007,42,7,00-05,86.0,66.6,73.5,59.0,72.0,80
2007,42,7,06-15,64.0,12.5,15.9,0.0,18.0,62
2007,42,7,16-18,43.0,9.2,13.0,0.0,13.0,39
2007,42,7,19-21,38.0,19.9,22.6,18.0,25.0,36
2007,42,7,22-23,18.0,7.3,8.9,11.0,11.0,18
2007,42,7,unk,1.0,1.0,1.0,0.0,1.0,1
2007,44,1,00-05,6.0,3.0,5.0,3.0,5.0,5
2007,44,1,06-15,2.0,0.1,0.2,0.0,0.0,2
2007,44,1,16-18,2.0,1.0,1.0,0.0,1.0,2
2007,44,1,19-21,1.0,0.0,1.0,1.0,1.0,1
2007,44,2,00-05,1.0,1.0,1.0,1.0,1.0,1
2007,44,2,06-15,3.0,0.1,0.1,0.0,0.0,3
2007,44,2,16-18,1.0,0.0,0.0,0.0,0.0,1
2007,44,2,19-21,1.0,1.0,1.0,0.0,1.0,1
2007,44,2,22-23,2.0,1.1,1.1,2.0,2.0,2
2007,44,3,06-15,2.0,0.0,0.0,0.0,0.0,2
2007,44,3,16-18,2.0,0.30000000000000004,0.30000000000000004,0.0,0.0,2
2007,44,3,19-21,2.0,0.1,0.2,1.0,0.0,2
2007,44,3,22-23,1.0,0.0,0.0,0.0,0.0,1
2007,44,4,00-05,2.0,0.2,0.5,0.0,0.0,2
2007,44,4,06-15,3.0,0.0,0.0,0.0,0.0,3
2007,44,4,16-18,1.0,1.0,1.0,0.0,1.0,1
2007,44,4,19-21,2.0,1.0,1.0,1.0,2.0,2
2007,44,5,00-05,2.0,1.0,1.0,1.0,1.0,2
2007,44,5,06-15,5.0,0.1,0.2,0.0,0.0,5
2007,44,5,16-18,4.0,3.0,3.0,0.0,3.0,2
2007,44,5,19-21,1.0,0.3,0.3,0.0,0.0,1
2007,44,6,00-05,6.0,2.8,3.0,1.0,5.0,4
2007,44,6,06-15,4.0,0.1,0.3,0.0,0.0,4
2007,44,6,16-18,2.0,0.0,0.0,0.0,1.0,2
2007,44,6,19-21,1.0,0.0,1.0,0.0,1.0,1
2007,44,6,22-23,2.0,1.7,1.7,2.0,2.0,2
2007,44,7,00-05,5.0,3.6,3.8,4.0,3.0,5
2007,44,7,16-18,1.0,0.0,1.0,0.0,1.0,1
2007,44,7,22-23,2.0,1.2,1.5,1.0,1.0,2
2007,45,1,00-05,82.0,56.5,67.5,54.0,63.0,80
2007,45,1,06-15,39.0,10.6,11.6,0.0,9.0,37
2007,45,1,16-18,29.0,10.7,12.6,0.0,8.0,26
2007,45,1,19-21,27.0,17.1,19.7,9.0,19.0,22
2007,45,1,22-23,12.0,6.7,6.9,11.0,8.0,11
2007,45,2,00-05,29.0,11.5,14.0,15.0,12.0,27
2007,45,2,06-15,59.0,3.1,6.9,0.0,5.0,47
2007,45,2,16-18,18.0,2.9,3.1,0.0,1.0,18
2007,45,2,19-21,21.0,8.8,9.9,14.0,10.0,20
2007,45,2,22-23,11.0,7.3,7.4,7.0,8.0,11
2007,45,3,00-05,13.0,8.3,8.6,6.0,7.0,12
2007,45,3,06-15,38.0,5.7,6.8,0.0,7.0,37
2007,45,3,16-18,18.0,7.4,9.0,0.0,8.0,18
2007,45,3,19-21,12.0,3.7,4.0,3.0,4.0,12
2007,45,3,22-23,10.0,5.1,5.3,7.0,3.0,10
2007,45,4,00-05,30.0,17.5,18.7,15.0,19.0,27
2007,45,4,06-15,44.0,7.8,9.6,0.0,14.0,42
2007,45,4,16-18,18.0,5.6,8.1,0.0,7.0,18
2007,45,4,19-21,28.0,10.1,11.5,13.0,9.0,27
2007,45,4,22-23,9.0,5.0,5.2,8.0,5.0,9
2007,45,5,00-05,34.0,19.4,21.7,19.0,20.0,33
2007,45,5,06-15,46.0,10.5,14.8,0.0,12.0,39
2007,45,5,16-18,16.0,4.7,5.5,0.0,3.0,15
2007,45,5,19-21,21.0,8.4,9.2,10.0,8.0,20
2007,45,5,22-23,14.0,5.2,5.3,12.0,6.0,13
2007,45,6,00-05,26.0,20.3,21.1,16.0,23.0,24
2007,45,6,06-15,50.0,11.3,13.1,0.0,11.0,45
2007,45,6,16-18,26.0,8.1,9.1,0.0,6.0,21
2007,45,6,19-21,25.0,12.1,12.6,10.0,13.0,24
2007,45,6,22-23,39.0,22.5,23.6,32.0,27.0,34
2007,45,7,00-05,72.0,53.9,59.0,46.0,62.0,64
2007,45,7,06-15,66.0,22.6,26.7,0.0,22.0,61
2007,45,7,16-18,31.0,19.6,22.6,0.0,17.0,28
2007,45,7,19-21,31.0,13.8,16.5,18.0,17.0,28
2007,45,7,22-23,33.0,22.9,23.5,22.0,24.0,25
2007,46,1,00-05,8.0,4.3,4.6,5.0,5.0,6
2007,46,1,06-15,6.0,1.0,2.1,0.0,2.0,5
2007,46,1,16-18,2.0,1.0,1.0,0.0,1.0,2
2007,46,1,19-21,4.0,3.0,3.0,1.0,3.0,4
2007,46,1,22-23,1.0,1.0,1.0,0.0,1.0,1
2007,46,2,00-05,3.0,2.0,3.0,3.0,3.0,3
2007,46,2,06-15,9.0,0.0,0.0,0.0,0.0,8
2007,46,2,16-18,8.0,0.2,1.3,0.0,1.0,8
2007,46,2,19-21,3.0,1.0,1.0,3.0,1.0,3
2007,46,2,22-23,1.0,0.0,0.0,1.0,1.0,1
2007,46,3,00-05,1.0,1.0,1.0,1.0,1.0,1
2007,46,3,06-15,8.0,2.0,2.0,0.0,2.0,8
2007,46,3,19-21,1.0,0.0,0.0,0.0,0.0,1
2007,46,3,22-23,1.0,1.0,1.0,1.0,1.0,1
2007,46,4,00-05,4.0,4.0,4.0,4.0,4.0,4
2007,46,4,06-15,4.0,0.0,0.0,0.0,0.0,4
2007,46,4,16-18,1.0,0.0,0.0,0.0,0.0,1
2007,46,4,19-21,4.0,1.1,1.1,2.0,1.0,4
2007,46,4,22-23,1.0,1.0,1.0,1.0,1.0,1
2007,46,5,00-05,3.0,3.0,3.0,2.0,3.0,3
2007,46,5,06-15,10.0,2.2,2.2,0.0,2.0,9
2007,46,5,16-18,2.0,0.0,0.0,0.0,0.0,2
2007,46,5,19-21,7.0,1.0,3.0,2.0,4.0,5
2007,46,5,22-23,3.0,0.1,0.1,3.0,0.0,2
2007,46,6,00-05,3.0,2.6,2.8,3.0,3.0,2
2007,46,6,06-15,13.0,1.1,2.2,0.0,2.0,13
2007,46,6,16-18,4.0,0.8,0.9,0.0,2.0,3
2007,46,6,19-21,2.0,0.0,2.0,0.0,2.0,1
2007,46,6,22-23,1.0,0.0,0.0,1.0,0.0,1
2007,46,7,00-05,3.0,3.0,3.0,3.0,3.0,2
2007,46,7,06-15,11.0,1.2,1.2,0.0,1.0,9
2007,46,7,16-18,5.0,2.2,2.2,0.0,2.0,4
2007,46,7,19-21,5.0,1.5,1.7,0.0,1.0,4
2007,46,7,22-23,3.0,2.0,2.0,2.0,3.0,3
2007,46,7,unk,1.0,1.0,1.0,0.0,1.0,1
2007,47,1,00-05,59.0,36.7,41.8,35.0,35.0,56
2007,47,1,06-15,62.0,13.2,14.1,0.0,13.0,55
2007,47,1,16-18,33.0,11.9,13.3,0.0,10.0,33
2007,47,1,19-21,25.0,11.8,12.6,6.0,10.0,23
2007,47,1,22-23,13.0,7.8,9.3,11.0,7.0,12
2007,47,1,unk,2.0,1.6,1.7,0.0,1.0,2
2007,47,2,00-05,18.0,7.5,9.3,11.0,10.0,18
2007,47,2,06-15,84.0,9.6,14.9,0.0,12.0,74
2007,47,2,16-18,19.0,2.8000000000000003,3.9000000000000004,0.0,3.0,17
2007,47,2,19-21,19.0,7.4,7.8,8.0,6.0,18
2007,47,2,22-23,19.0,7.7,8.1,14.0,6.0,16
2007,47,3,00-05,25.0,13.2,14.7,13.0,9.0,22
2007,47,3,06-15,65.0,6.1,7.8999999999999995,0.0,5.0,58
2007,47,3,16-18,26.0,3.6,6.4,0.0,6.0,24
2007,47,3,19-21,20.0,8.6,9.3,10.0,7.0,19
2007,47,3,22-23,12.0,3.4,3.8,9.0,3.0,12
2007,47,4,00-05,28.0,14.4,18.6,10.0,12.0,24
2007,47,4,06-15,76.0,5.4,6.5,0.0,2.0,66
2007,47,4,16-18,47.0,11.9,17.1,0.0,13.0,43
2007,47,4,19-21,30.0,10.2,14.1,14.0,12.0,30
2007,47,4,22-23,18.0,10.2,10.4,16.0,11.0,16
2007,47,4,unk,1.0,0.3,0.3,0.0,0.0,1
2007,47,5,00-05,14.0,6.1,6.9,8.0,4.0,14
2007,47,5,06-15,61.0,5.3,9.2,0.0,9.0,57
2007,47,5,16-18,18.0,3.2,3.7,0.0,2.0,15
2007,47,5,19-21,24.0,11.8,14.3,6.0,13.0,20
2007,47,5,22-23,10.0,6.3,6.3,8.0,7.0,10
2007,47,5,unk,1.0,0.8,0.9,0.0,1.0,1
2007,47,6,00-05,35.0,22.5,23.4,22.0,18.0,34
2007,47,6,06-15,57.0,4.9,7.4,0.0,5.0,55
2007,47,6,16-18,32.0,10.200000000000001,11.3,0.0,8.0,30
2007,47,6,19-21,21.0,7.2,9.9,7.0,8.0,21
2007,47,6,22-23,19.0,9.6,10.7,11.0,9.0,18
2007,47,6,unk,2.0,1.0,1.0,0.0,1.0,2
2007,47,7,00-05,50.0,30.5,33.4,30.0,25.0,47
2007,47,7,06-15,68.0,10.200000000000001,12.3,0.0,8.0,62
2007,47,7,16-18,36.0,9.6,12.2,0.0,9.0,35
2007,47,7,19-21,32.0,17.6,18.0,15.0,20.0,26
2007,47,7,22-23,23.0,11.6,13.6,16.0,11.0,19
2007,47,7,unk,7.0,4.0,4.3,0.0,3.0,6
2007,48,1,00-05,252.0,183.2,200.2,152.0,169.0,233
2007,48,1,06-15,145.0,31.8,44.1,0.0,28.0,129
2007,48,1,16-18,83.0,30.3,39.5,0.0,25.0,70
2007,48,1,19-21,89.0,43.9,48.7,34.0,33.0,83
2007,48,1,22-23,32.0,18.7,20.6,17.0,16.0,27
2007,48,1,unk,1.0,1.0,1.0,0.0,1.0,1
2007,48,2,00-05,95.0,53.0,61.3,56.0,52.0,84
2007,48,2,06-15,180.0,18.0,22.3,0.0,10.0,155
2007,48,2,16-18,72.0,16.3,19.2,0.0,14.0,63
2007,48,2,19-21,56.0,18.5,20.7,21.0,12.0,48
2007,48,2,22-23,43.0,26.1,27.1,25.0,20.0,41
2007,48,3,00-05,57.0,35.3,38.3,28.0,32.0,52
2007,48,3,06-15,182.0,26.9,31.9,0.0,18.0,161
2007,48,3,16-18,68.0,12.2,15.8,0.0,6.0,63
2007,48,3,19-21,58.0,23.5,27.2,27.0,23.0,55
2007,48,3,22-23,34.0,20.1,21.0,21.0,16.0,31
2007,48,3,unk,1.0,1.0,1.0,0.0,1.0,1
2007,48,4,00-05,74.0,38.8,45.8,46.0,27.0,69
2007,48,4,06-15,164.0,15.0,23.2,0.0,11.0,148
2007,48,4,16-18,69.0,16.900000000000002,18.8,0.0,10.0,61
2007,48,4,19-21,70.0,30.8,35.7,28.0,26.0,64
2007,48,4,22-23,35.0,19.9,21.8,20.0,18.0,30
2007,48,5,00-05,95.0,54.8,60.1,56.0,47.0,83
2007,48,5,06-15,177.0,23.4,27.1,0.0,15.0,159
2007,48,5,16-18,75.0,19.6,22.2,0.0,16.0,66
2007,48,5,19-21,76.0,24.7,32.0,26.0,24.0,67
2007,48,5,22-23,33.0,15.0,19.5,20.0,19.0,29
2007,48,5,unk,1.0,1.0,1.0,0.0,1.0,1
2007,48,6,00-05,104.0,59.0,71.7,53.0,59.0,97
2007,48,6,06-15,160.0,26.3,31.6,0.0,23.0,149
2007,48,6,16-18,84.0,16.5,23.0,0.0,13.0,74
2007,48,6,19-21,100.0,47.5,54.3,48.0,40.0,90
2007,48,6,22-23,81.0,48.800000000000004,54.7,47.0,46.0,66
2007,48,6,unk,1.0,1.0,1.0,0.0,1.0,1
2007,48,7,00-05,218.0,160.3,173.7,103.0,137.0,195
2007,48,7,06-15,189.0,42.6,55.9,0.0,31.0,164
2007,48,7,16-18,62.0,21.6,27.5,0.0,16.0,54
2007,48,7,19-21,88.0,51.7,55.0,34.0,47.0,79
2007,48,7,22-23,59.0,36.4,41.9,33.0,41.0,54
2007,48,7,unk,3.0,2.1,2.4,0.0,3.0,3
2007,49,1,00-05,16.0,8.0,9.7,8.0,8.0,15
2007,49,1,06-15,17.0,0.5,0.5,0.0,2.0,16
2007,49,1,16-18,14.0,1.3,1.4000000000000001,0.0,1.0,11
2007,49,1,19-21,4.0,3.0,3.1,1.0,3.0,2
2007,49,1,22-23,4.0,0.0,0.0,4.0,0.0,4
2007,49,2,00-05,11.0,3.0,3.0,9.0,0.0,4
2007,49,2,06-15,19.0,2.6,2.9000000000000004,0.0,2.0,15
2007,49,2,16-18,5.0,0.1,0.2,0.0,1.0,5
2007,49,2,19-21,3.0,0.0,1.0,3.0,2.0,3
2007,49,2,22-23,1.0,0.0,0.0,1.0,0.0,1
2007,49,3,00-05,6.0,0.2,0.30000000000000004,4.0,1.0,5
2007,49,3,06-15,17.0,1.1,1.1,0.0,2.0,16
2007,49,3,16-18,6.0,0.2,0.2,0.0,0.0,5
2007,49,3,19-21,8.0,1.1,1.1,1.0,1.0,8
2007,49,3,22-23,2.0,0.2,0.3,2.0,0.0,2
2007,49,4,00-05,7.0,1.2,2.3,3.0,2.0,7
2007,49,4,06-15,18.0,0.2,0.2,0.0,1.0,18
2007,49,4,16-18,4.0,0.2,0.2,0.0,0.0,4
2007,49,4,19-21,6.0,2.1,2.1,1.0,2.0,6
2007,49,4,22-23,4.0,1.1,1.1,2.0,1.0,4
2007,49,5,00-05,5.0,1.3,1.3,2.0,1.0,5
2007,49,5,06-15,22.0,1.8,1.9,0.0,5.0,17
2007,49,5,16-18,6.0,0.1,0.39999999999999997,0.0,0.0,6
2007,49,5,19-21,2.0,1.0,1.0,0.0,1.0,2
2007,49,5,22-23,2.0,0.2,0.2,1.0,0.0,2
2007,49,6,00-05,4.0,0.4,0.6,4.0,0.0,2
2007,49,6,06-15,8.0,0.0,1.1,0.0,1.0,7
2007,49,6,16-18,8.0,0.30000000000000004,0.4,0.0,2.0,5
2007,49,6,19-21,7.0,5.1,5.2,1.0,5.0,5
2007,49,6,22-23,3.0,1.3,1.4,1.0,1.0,3
2007,49,7,00-05,13.0,7.2,8.2,8.0,9.0,12
2007,49,7,06-15,22.0,0.4,0.6000000000000001,0.0,0.0,19
2007,49,7,16-18,10.0,2.3,2.5,0.0,1.0,8
2007,49,7,19-21,5.0,2.9,2.9,3.0,3.0,5
2007,49,7,22-23,9.0,4.2,6.4,8.0,6.0,8
2007,49,7,unk,1.0,1.0,1.0,0.0,1.0,1
2007,50,1,00-05,2.0,1.0,1.0,1.0,2.0,2
2007,50,1,06-15,1.0,0.0,0.1,0.0,0.0,1
2007,50,1,19-21,1.0,0.7,0.9,0.0,1.0,1
2007,50,1,22-23,4.0,3.3,3.4,4.0,3.0,3
2007,50,1,unk,1.0,1.0,1.0,0.0,1.0,1
2007,50,2,00-05,1.0,1.0,1.0,0.0,1.0,1
2007,50,2,06-15,6.0,0.0,0.0,0.0,0.0,4
2007,50,2,16-18,2.0,0.0,0.0,0.0,0.0,2
2007,50,3,00-05,2.0,0.0,0.0,1.0,0.0,2
2007,50,3,06-15,4.0,1.0,2.0,0.0,2.0,4
2007,50,3,16-18,3.0,2.0,2.0,0.0,2.0,3
2007,50,4,00-05,1.0,0.0,0.0,1.0,0.0,1
2007,50,4,06-15,3.0,0.1,0.2,0.0,0.0,3
2007,50,4,16-18,1.0,0.0,0.0,0.0,0.0,1
2007,50,4,19-21,1.0,1.0,1.0,0.0,1.0,1
2007,50,5,00-05,1.0,0.0,0.0,1.0,0.0,1
2007,50,5,06-15,2.0,0.0,0.0,0.0,0.0,2
2007,50,5,16-18,2.0,0.0,0.0,0.0,1.0,2
2007,50,5,19-21,1.0,0.0,1.0,0.0,1.0,1
2007,50,5,unk,1.0,1.0,1.0,0.0,1.0,1
2007,50,6,00-05,1.0,1.0,1.0,1.0,1.0,1
2007,50,6,06-15,5.0,0.1,0.1,0.0,0.0,5
2007,50,6,16-18,6.0,4.0,4.0,0.0,4.0,6
2007,50,6,19-21,1.0,0.0,0.0,1.0,0.0,1
2007,50,6,22-23,2.0,1.3,1.3,2.0,2.0,2
2007,50,7,00-05,2.0,1.0,1.0,1.0,2.0,2
2007,50,7,06-15,5.0,0.0,1.0,0.0,1.0,4
2007,50,7,16-18,2.0,1.0,1.0,0.0,1.0,2
2007,50,7,unk,2.0,2.0,2.0,0.0,2.0,2
2007,51,1,00-05,58.0,34.2,38.6,41.0,41.0,53
2007,51,1,06-15,62.0,8.3,13.0,0.0,16.0,56
2007,51,1,16-18,33.0,7.5,12.4,0.0,12.0,29
2007,51,1,19-21,23.0,8.4,10.9,11.0,13.0,21
2007,51,1,22-23,9.0,2.8,4.4,8.0,4.0,8
2007,51,2,00-05,25.0,15.3,15.9,17.0,14.0,21
2007,51,2,06-15,44.0,4.9,5.6,0.0,3.0,43
2007,51,2,16-18,19.0,5.5,7.8,0.0,9.0,19
2007,51,2,19-21,12.0,5.7,7.8,7.0,8.0,12
2007,51,2,22-23,4.0,2.0,2.0,3.0,4.0,4
2007,51,3,00-05,17.0,6.3,7.4,7.0,7.0,17
2007,51,3,06-15,54.0,3.5,6.8,0.0,7.0,45
2007,51,3,16-18,30.0,2.5,4.5,0.0,6.0,29
2007,51,3,19-21,20.0,5.7,6.5,8.0,4.0,20
2007,51,3,22-23,7.0,3.0,5.1,5.0,4.0,7
2007,51,4,00-05,21.0,9.5,10.5,10.0,10.0,21
2007,51,4,06-15,53.0,8.1,9.9,0.0,12.0,51
2007,51,4,16-18,25.0,4.5,7.0,0.0,5.0,23
2007,51,4,19-21,19.0,5.3,5.7,7.0,8.0,18
2007,51,4,22-23,13.0,4.7,7.3,7.0,8.0,12
2007,51,5,00-05,13.0,7.0,8.1,7.0,11.0,13
2007,51,5,06-15,56.0,3.8,5.7,0.0,6.0,53
2007,51,5,16-18,13.0,1.5,2.2,0.0,3.0,13
2007,51,5,19-21,16.0,10.4,10.6,6.0,11.0,14
2007,51,5,22-23,17.0,15.2,15.2,10.0,15.0,11
2007,51,5,unk,1.0,0.0,0.0,0.0,0.0,1
2007,51,6,00-05,35.0,18.9,21.2,22.0,23.0,35
2007,51,6,06-15,69.0,4.6,7.4,0.0,11.0,63
2007,51,6,16-18,23.0,5.9,6.8,0.0,8.0,21
2007,51,6,19-21,21.0,6.3,7.6,5.0,10.0,19
2007,51,6,22-23,22.0,12.3,14.5,12.0,12.0,17
2007,51,7,00-05,50.0,30.4,32.9,38.0,37.0,43
2007,51,7,06-15,63.0,8.7,10.2,0.0,12.0,52
2007,51,7,16-18,25.0,7.4,11.5,0.0,10.0,23
2007,51,7,19-21,31.0,12.3,15.0,11.0,16.0,30
2007,51,7,22-23,22.0,10.1,12.8,18.0,12.0,22
2007,51,7,unk,2.0,0.0,0.0,0.0,0.0,2
2007,53,1,00-05,39.0,26.7,29.8,27.0,32.0,32
2007,53,1,06-15,29.0,11.2,12.3,0.0,13.0,28
2007,53,1,16-18,15.0,3.4000000000000004,3.6,0.0,5.0,15
2007,53,1,19-21,16.0,6.2,7.3,10.0,10.0,15
2007,53,1,22-23,8.0,2.0,2.0,8.0,4.0,7
2007,53,2,00-05,4.0,3.1,3.1,1.0,3.0,4
2007,53,2,06-15,36.0,2.3,4.2,0.0,4.0,34
2007,53,2,16-18,15.0,6.1,6.1,0.0,7.0,14
2007,53,2,19-21,11.0,5.0,5.2,6.0,6.0,11
2007,53,2,22-23,7.0,4.0,4.0,5.0,4.0,7
2007,53,3,00-05,14.0,8.1,9.0,7.0,10.0,14
2007,53,3,06-15,35.0,2.6,3.8,0.0,4.0,33
2007,53,3,16-18,8.0,1.0,2.1,0.0,4.0,8
2007,53,3,19-21,11.0,7.0,7.0,5.0,7.0,10
2007,53,3,22-23,1.0,0.1,0.1,1.0,1.0,1
2007,53,4,00-05,9.0,4.0,4.4,6.0,6.0,8
2007,53,4,06-15,26.0,3.2,4.3,0.0,5.0,24
2007,53,4,16-18,13.0,0.7,1.9,0.0,2.0,13
2007,53,4,19-21,10.0,3.6,4.9,2.0,7.0,10
2007,53,4,22-23,5.0,2.0,3.0,5.0,3.0,5
2007,53,5,00-05,15.0,9.8,12.1,8.0,14.0,15
2007,53,5,06-15,27.0,0.30000000000000004,1.5,0.0,2.0,27
2007,53,5,16-18,13.0,0.5,0.6,0.0,0.0,13
2007,53,5,19-21,14.0,6.2,6.2,3.0,7.0,14
2007,53,5,22-23,3.0,1.0,1.0,1.0,1.0,2
2007,53,6,00-05,13.0,8.2,8.2,9.0,8.0,13
2007,53,6,06-15,33.0,2.2,4.5,0.0,5.0,30
2007,53,6,16-18,15.0,2.3,4.4,0.0,4.0,15
2007,53,6,19-21,15.0,9.2,9.4,5.0,10.0,13
2007,53,6,22-23,15.0,10.0,10.0,9.0,11.0,14
2007,53,6,unk,1.0,1.0,1.0,0.0,1.0,1
2007,53,7,00-05,35.0,21.3,30.0,21.0,31.0,29
2007,53,7,06-15,22.0,4.7,4.8,0.0,4.0,15
2007,53,7,16-18,19.0,7.7,9.9,0.0,9.0,18
2007,53,7,19-21,13.0,5.2,5.4,5.0,7.0,13
2007,53,7,22-23,6.0,3.1,3.2,5.0,3.0,6
2007,54,1,00-05,17.0,12.1,12.1,13.0,14.0,16
2007,54,1,06-15,21.0,1.8,2.9,0.0,3.0,21
2007,54,1,16-18,9.0,3.0,5.0,0.0,6.0,8
2007,54,1,19-21,9.0,3.0,3.1,4.0,6.0,8
2007,54,1,22-23,9.0,7.0,7.0,4.0,7.0,5
2007,54,1,unk,3.0,2.0,2.0,0.0,2.0,3
2007,54,2,00-05,9.0,4.2,4.3,4.0,5.0,9
2007,54,2,06-15,22.0,2.7,3.7,0.0,3.0,21
2007,54,2,16-18,9.0,0.5,0.5,0.0,0.0,9
2007,54,2,19-21,6.0,2.0,2.0,5.0,3.0,6
2007,54,2,22-23,1.0,0.0,0.0,1.0,1.0,1
2007,54,2,unk,6.0,1.4,1.6,0.0,1.0,5
2007,54,3,00-05,5.0,0.4,2.6,2.0,2.0,3
2007,54,3,06-15,15.0,1.4,2.4,0.0,3.0,12
2007,54,3,16-18,8.0,7.0,7.0,0.0,7.0,7
2007,54,3,19-21,6.0,2.1,2.1,2.0,3.0,6
2007,54,3,22-23,5.0,2.4,2.4,5.0,2.0,5
2007,54,3,unk,3.0,0.30000000000000004,0.5,0.0,0.0,3
2007,54,4,00-05,11.0,5.9,6.6,8.0,6.0,9
2007,54,4,06-15,23.0,0.2,1.3,0.0,2.0,21
2007,54,4,16-18,4.0,1.0,1.0,0.0,1.0,4
2007,54,4,19-21,5.0,0.4,0.5,2.0,1.0,5
2007,54,4,22-23,4.0,2.0,3.0,4.0,4.0,4
2007,54,4,unk,6.0,2.0,2.0,0.0,2.0,4
2007,54,5,00-05,8.0,7.0,7.2,7.0,8.0,7
2007,54,5,06-15,17.0,1.4,1.4,0.0,1.0,15
2007,54,5,16-18,13.0,1.6,1.9000000000000001,0.0,0.0,8
2007,54,5,19-21,11.0,3.2,4.5,6.0,6.0,11
2007,54,5,22-23,4.0,2.2,2.2,3.0,2.0,3
2007,54,5,unk,9.0,5.0,7.1,0.0,7.0,7
2007,54,6,00-05,9.0,4.0,5.3,5.0,6.0,9
2007,54,6,06-15,32.0,5.8,6.2,0.0,11.0,29
2007,54,6,16-18,8.0,1.4,1.4,0.0,1.0,7
2007,54,6,19-21,6.0,2.0,2.0,2.0,4.0,6
2007,54,6,22-23,10.0,5.300000000000001,7.1,8.0,7.0,9
2007,54,6,unk,1.0,0.0,0.0,0.0,0.0,1
2007,54,7,00-05,29.0,13.9,18.2,20.0,20.0,26
2007,54,7,06-15,19.0,1.2,2.3,0.0,3.0,18
2007,54,7,16-18,11.0,3.0,5.0,0.0,8.0,8
2007,54,7,19-21,15.0,7.3,8.5,7.0,9.0,15
2007,54,7,22-23,8.0,6.1,6.1,4.0,6.0,7
2007,54,7,unk,6.0,3.0,3.4,0.0,4.0,6
2007,55,1,00-05,52.0,41.4,46.4,39.0,51.0,51
2007,55,1,06-15,33.0,7.7,11.7,0.0,12.0,29
2007,55,1,16-18,14.0,6.1,7.4,0.0,8.0,14
2007,55,1,19-21,21.0,13.8,15.8,10.0,15.0,19
2007,55,1,22-23,5.0,4.0,4.0,4.0,4.0,5
2007,55,1,unk,1.0,0.0,1.0,0.0,1.0,1
2007,55,2,00-05,22.0,18.3,18.5,19.0,18.0,17
2007,55,2,06-15,33.0,1.3,2.4,0.0,2.0,28
2007,55,2,16-18,12.0,2.3,2.3,0.0,2.0,11
2007,55,2,19-21,8.0,5.0,6.0,5.0,6.0,8
2007,55,2,22-23,3.0,2.0,2.0,3.0,3.0,3
2007,55,3,00-05,16.0,8.0,9.0,5.0,9.0,13
2007,55,3,06-15,37.0,2.7,4.0,0.0,5.0,32
2007,55,3,16-18,18.0,2.3,2.5,0.0,2.0,16
2007,55,3,19-21,12.0,4.2,5.2,2.0,6.0,11
2007,55,3,22-23,10.0,4.1,7.1,6.0,7.0,10
2007,55,3,unk,3.0,2.0,2.0,0.0,2.0,3
2007,55,4,00-05,17.0,10.0,10.0,8.0,11.0,16
2007,55,4,06-15,32.0,3.8,4.9,0.0,4.0,28
2007,55,4,16-18,10.0,2.5,2.6,0.0,2.0,10
2007,55,4,19-21,10.0,5.4,6.5,5.0,8.0,10
2007,55,4,22-23,8.0,6.0,6.2,3.0,7.0,6
2007,55,4,unk,1.0,0.0,0.0,0.0,1.0,1
2007,55,5,00-05,20.0,18.0,19.0,14.0,19.0,18
2007,55,5,06-15,40.0,2.5,2.8,0.0,2.0,36
2007,55,5,16-18,16.0,2.1,5.2,0.0,6.0,16
2007,55,5,19-21,11.0,3.4,4.5,4.0,4.0,11
2007,55,5,22-23,7.0,4.0,6.0,2.0,6.0,6
2007,55,5,unk,3.0,1.8,1.8,0.0,1.0,3
2007,55,6,00-05,22.0,16.5,17.5,17.0,19.0,21
2007,55,6,06-15,49.0,7.3,11.7,0.0,13.0,39
2007,55,6,16-18,19.0,6.2,7.9,0.0,6.0,17
2007,55,6,19-21,17.0,7.0,7.8,7.0,6.0,14
2007,55,6,22-23,10.0,4.6,6.3,8.0,6.0,9
2007,55,6,unk,2.0,2.0,2.0,0.0,2.0,2
2007,55,7,00-05,47.0,36.5,41.6,33.0,43.0,42
2007,55,7,06-15,62.0,21.8,23.8,0.0,24.0,48
2007,55,7,16-18,19.0,9.5,9.8,0.0,9.0,19
2007,55,7,19-21,15.0,10.1,10.1,8.0,11.0,15
2007,55,7,22-23,15.0,7.2,10.2,11.0,13.0,14
2007,55,7,unk,4.0,1.9,4.0,0.0,4.0,3
2007,56,1,00-05,5.0,3.5,4.0,4.0,5.0,5
2007,56,1,06-15,6.0,0.0,0.0,0.0,0.0,6
2007,56,1,16-18,7.0,2.7,2.8000000000000003,0.0,2.0,7
2007,56,1,19-21,4.0,2.0,2.0,1.0,2.0,3
2007,56,2,06-15,11.0,1.2,1.3,0.0,1.0,10
2007,56,2,16-18,4.0,1.2,1.2,0.0,1.0,4
2007,56,2,19-21,1.0,1.0,1.0,0.0,1.0,1
2007,56,3,00-05,6.0,0.2,0.3,4.0,0.0,5
2007,56,3,06-15,6.0,2.0,2.0,0.0,2.0,6
2007,56,3,16-18,1.0,0.0,0.0,0.0,0.0,1
2007,56,3,22-23,1.0,1.0,1.0,1.0,1.0,1
2007,56,4,00-05,5.0,4.0,4.0,3.0,4.0,4
2007,56,4,06-15,6.0,1.1,2.2,0.0,2.0,6
2007,56,4,16-18,3.0,2.0,2.0,0.0,2.0,3
2007,56,4,19-21,2.0,1.0,1.0,2.0,1.0,2
2007,56,5,00-05,1.0,0.1,0.1,0.0,0.0,1
2007,56,5,06-15,8.0,0.1,1.2,0.0,2.0,8
2007,56,5,16-18,4.0,0.1,0.1,0.0,1.0,4
2007,56,5,19-21,1.0,0.1,0.2,1.0,1.0,1
2007,56,5,22-23,2.0,1.0,1.0,1.0,2.0,2
2007,56,6,00-05,3.0,2.0,3.0,3.0,3.0,3
2007,56,6,06-15,12.0,1.1,1.2,0.0,1.0,9
2007,56,6,16-18,2.0,1.0,1.0,0.0,1.0,2
2007,56,6,19-21,5.0,3.1,3.1,5.0,3.0,4
2007,56,6,22-23,3.0,2.1,2.2,2.0,2.0,3
2007,56,6,unk,1.0,0.0,0.0,0.0,0.0,1
2007,56,7,00-05,8.0,7.0,7.0,8.0,7.0,8
2007,56,7,06-15,15.0,2.7,2.7,0.0,3.0,11
2007,56,7,16-18,6.0,0.4,0.7,0.0,1.0,5
2007,56,7,19-21,7.0,4.0,4.0,2.0,4.0,7
2007,56,7,22-23,2.0,1.0,1.0,2.0,1.0,2
2007,56,7,unk,2.0,1.0,2.0,0.0,2.0,2
